0.4317 0.4376 1 0.3086 0.3518 0.001 0.3086 0 0 1
0.2819 0.4752 0.8018 0.3835 0.5214 0.0077 0.223 0 0 1
0.2203 0.4211 0.7906 0.4353 0.5679 0.0063 0.2184 0 0 1
0.2863 0.3729 0.8218 0.3633 0.5 0.0092 0.2593 0 0 1
0.2731 0.382 0.8062 0.3489 0.5839 0.0089 0.2454 0 0 1
0.2115 0.3098 0.804 0.4584 0.5643 0.0103 0.2454 0 0.5098 1
0.2731 0.3865 0.8018 0.3201 0.5857 0.0093 0.2546 0 0 1
0.2819 0.3639 0.804 0.2942 0.6125 0.0092 0.2612 0 0 1
0.3524 0.4977 0.7973 0.3863 0.4054 0.009 0.2667 0 0 1
0.2819 0.3414 0.8018 0.3835 0.5679 0.0092 0.276 0 0.2157 1
0.1982 0.2992 0.7706 0.4411 0.6054 0.0108 0.2472 0 0.4706 1
0.2819 0.3113 0.8151 0.3575 0.5714 0.0097 0.2909 0 0 1
0.207 0.3233 0.7639 0.395 0.6196 0.0111 0.2435 0 0.4706 1
0.2775 0.3203 0.7929 0.3575 0.6071 0.0087 0.2742 0 0.3333 1
0.2819 0.2827 0.7996 0.3691 0.6214 0.0093 0.2853 0 0 1
0.2819 0.3128 0.7884 0.346 0.6125 0.0093 0.2751 0 0 1
0.2907 0.2932 0.8174 0.3258 0.5893 0.0098 0.3039 0 0 1
0.4758 0.5459 0.8575 0.0173 0.2768 0.0024 0.3457 0 0 1
0.348 0.4767 0.8307 0.3316 0.4125 0.001 0.3216 0 0 1
0.2731 0.3444 0.7884 0.4785 0.5214 0.0087 0.2797 0 0.1373 1
0.2775 0.3143 0.7906 0.4209 0.525 0.0087 0.2872 0 0.3725 1
0.3744 0.6075 0.8352 0 0.3946 0.0005 0.3318 0 0 1
0.2731 0.3083 0.8062 0.3633 0.5321 0.0095 0.3039 0 0 1
0.2775 0.3128 0.7951 0.3806 0.5732 0.01 0.2937 0 0 1
0.2643 0.3985 0.7795 0.323 0.5429 0.0081 0.2788 0 0 1
0.2819 0.3383 0.7884 0.3402 0.5696 0.0105 0.2881 0 0 1
0.2952 0.3729 0.7751 0.3979 0.5054 0.0095 0.2788 0 0 1
0.2643 0.3218 0.7751 0.3748 0.5768 0.009 0.2788 0 0 1
0.2863 0.2752 0.784 0.4036 0.5964 0.0092 0.289 0 0 1
0.2907 0.3534 0.7773 0.3604 0.5446 0.0097 0.2844 0 0 1
0.2863 0.2887 0.7929 0.3662 0.5839 0.0098 0.303 0 0.2745 1
0.2775 0.3173 0.7795 0.3201 0.6179 0.009 0.29 0 0 1
0.2863 0.3188 0.7751 0.346 0.5643 0.0098 0.2909 0.0029 0.4314 1
0.2775 0.2767 0.7728 0.3892 0.6393 0.0097 0.29 0 0.1176 1
0.2907 0.2947 0.7884 0.3777 0.5607 0.0092 0.3086 0 0 1
0.1982 0.385 0.7684 0.3402 0.5232 0.009 0.2918 0 0 1
0.348 0.4752 0.7862 0.3719 0.3571 0.0082 0.3113 0.0035 0 1
0.2996 0.3023 0.7751 0.3806 0.5625 0.0103 0.302 0 0 1
0.4802 0.5233 0.8508 0.0052 0.35 0.0018 0.3848 0 0 1
0.4802 0.5233 0.8508 0.0052 0.35 0.0018 0.3848 0 0 1
0.2952 0.3098 0.7795 0.3143 0.575 0.0103 0.3104 0 0 1
0.2819 0.2977 0.7617 0.3374 0.6054 0.0095 0.2983 0 0 1
0.2907 0.3729 0.755 0.3748 0.5268 0.0095 0.2937 0 0 1
0.4802 0.4511 0.8552 0.0124 0.3482 0.0027 0.4006 0 0 1
0.2952 0.3008 0.7639 0.3345 0.5607 0.01 0.3095 0 0.5882 1
0.3436 0.415 0.7751 0.3806 0.3821 0.0089 0.3318 0 0 1
0.3304 0.3699 0.7506 0.3316 0.5196 0.0092 0.316 0 0.3137 1
0.6828 0.4902 0.8241 0.0121 0.3143 0.0003 0.408 0 0.1961 1
0.4846 0.3729 0.8396 0.0144 0.3893 0.0021 0.4266 0 0 1
0.3436 0.4286 0.7461 0.346 0.4054 0.0095 0.3234 0 0 1
0.5286 0.4496 0.8285 0.0063 0.3464 0.0014 0.4303 0 0.3137 1
0.3568 0.3714 0.7416 0.3604 0.4554 0.0097 0.3448 0 0.2157 1
0.304 0.406 0.6392 0.3345 0.5411 0.0089 0.3346 0 0 1
0.3172 0.3624 0.6325 0.3604 0.5429 0.0089 0.3383 0 0 1
0.2907 0.3729 0.6258 0.3633 0.5661 0.0082 0.3336 0 0.1765 1
0.2863 0.2586 0.6036 0.3633 0.6946 0.009 0.3374 0 0.4706 1
0.0441 0.3398 0.7728 0.3143 0.5661 0.01 0.2714 0 0.6078 1
0.3084 0.3218 0.7751 0.3633 0.5607 0.0097 0.2788 0 0 1
0.2775 0.4135 0.833 0.3287 0.5679 0.0095 0.2416 0 0 1
0.2775 0.4 0.8151 0.3345 0.5321 0.0092 0.2639 0 0.2157 1
0.348 0.4316 0.8062 0.3114 0.5054 0.0023 0.3095 0 0 1
0.3789 0.4632 0.7973 0.3719 0.3411 0.0019 0.3011 0.0219 0 1
0.4626 0.418 0.8597 0.017 0.3536 0.0037 0.382 0 0.2157 1
0.489 0.5173 0.8486 0.0141 0.275 0 0.3959 0 0 1
0.4626 0.4135 0.833 0.0176 0.3929 0.0029 0.3885 0 0.1373 1
0.4317 0.4451 0.7996 0.3143 0.3839 0.0014 0.369 0 0 1
0.4537 0.3489 0.8129 0.0167 0.4304 0.0031 0.4108 0 0.3333 1
0.4537 0.3489 0.8129 0.0167 0.4482 0.0031 0.4108 0 0.3333 1
0.4537 0.3594 0.7973 0.0176 0.4268 0.0037 0.408 0 0.3137 1
0.5198 0.388 0.7973 0.0153 0.3893 0.0019 0.4405 0 0.0588 1
0.1982 0.6211 0.8174 0.4929 0.3679 0.0026 0.1794 0 0.2353 2
0.3216 0.4376 0.8619 0.3575 0.3839 0.0087 0.2686 0 0.6275 2
0.207 0.3549 0.7996 0.4296 0.5875 0.0108 0.223 0 0 2
0.2247 0.3925 0.7951 0.444 0.5464 0.0098 0.2286 0 0 2
0.2115 0.3444 0.7929 0.4353 0.5893 0.0116 0.2296 0 0 2
0.207 0.3444 0.7973 0.4267 0.5911 0.0111 0.2351 0 0 2
0.2335 0.4075 0.804 0.4353 0.4607 0.0106 0.2416 0 0 2
0.2247 0.3414 0.7973 0.4353 0.5393 0.0098 0.2426 0 0 2
0.2159 0.4797 0.784 0.3518 0.5482 0.006 0.2333 0 0.2745 2
0.207 0.3143 0.784 0.539 0.5446 0.0111 0.2361 0 0 2
0.207 0.3203 0.784 0.6024 0.5089 0.0111 0.2361 0 0 2
0.207 0.3789 0.7684 0.4036 0.6 0.0098 0.2258 0 0 2
0.2335 0.403 0.7906 0.3518 0.5357 0.011 0.2481 0 0 2
0.207 0.3549 0.784 0.4382 0.5464 0.011 0.2435 0 0.1765 2
0.1278 0.5293 0.6882 0.5909 0.4411 0.1771 0.1533 0 0 2
0.2247 0.3955 0.7973 0.4209 0.5196 0.0072 0.2584 0 0 2
0.1982 0.3774 0.7773 0.4152 0.6143 0.0061 0.2416 0 0 2
0.2335 0.4015 0.7773 0.4296 0.5071 0.0108 0.2463 0 0.1961 2
0.2203 0.3429 0.7795 0.418 0.55 0.0097 0.25 0 0 2
0.2291 0.2737 0.7751 0.5304 0.6107 0.0101 0.2463 0 0.1765 2
0.3172 0.3308 0.833 0.3114 0.4411 0.0103 0.3281 0 0.4314 2
0.2115 0.3263 0.7661 0.4094 0.5804 0.0071 0.2639 0 0 2
0.207 0.3594 0.7595 0.4468 0.6161 0.0011 0.2751 0 0.3725 2
0.207 0.3774 0.7439 0.4152 0.5875 0.0063 0.2593 0 0 2
0.2247 0.2977 0.7416 0.4209 0.6196 0.0108 0.2612 0 0 2
0.326 0.3955 0.7639 0.4036 0.4375 0.0082 0.2946 0 0 2
0.3172 0.3444 0.8062 0.297 0.4518 0.0103 0.3439 0 0.2941 2
0.2731 0.2211 0.7238 0.3258 0.6679 0.01 0.3225 0 0.4706 2
0.2511 0.2917 0.6414 0.4843 0.6071 0.0118 0.289 0 0 2
0.304 0.3353 0.6592 0.4036 0.5554 0.0097 0.3123 0.0044 0 2
0.2379 0.3038 0.6347 0.4065 0.6179 0.0092 0.3123 0.0035 0.4314 2
0.2687 0.2436 0.6058 0.4613 0.5464 0.0113 0.3532 0 0 2
0.3084 0.2842 0.6147 0.0156 0.7143 0.0056 0.3708 0 0.3922 2
0.7093 0.4617 0.7016 0.0107 0.1357 0.0013 0.5771 0 0 2
0.5683 0.4662 0.6459 0.3287 0.2393 0.0013 0.4981 0 0 2
0.5991 0.1083 0 0.5333 0.425 0.013 0.7258 0 0.6667 2
0.8855 0 0 0.5967 0 0.0093 0.7314 1 0.549 2
1 0.2361 0 0.2797 0.0625 0.0019 1 0 0.4706 2
0.4846 0.5564 0 0.2797 0.5107 0.0016 0.566 0 0.1569 2
0.3084 0.4496 0 0.0078 0.8286 0 0.5167 0 0 2
0.6784 0.0752 0 0.0138 0.6071 0 0.8597 0 0 2
0.7137 0.0436 0 0.0133 0.5839 0 0.8857 0 0 2
0.7313 0.2872 0 0.0109 0.3946 0.001 0.8336 0 0 2
0.3392 0.4105 0.853 0.3547 0.4893 0.0092 0.2584 0 0.2745 2
0.3216 0.3564 0.8842 0.3345 0.4696 0.0097 0.2788 0 0 2
0.3216 0.403 0.8664 0.3748 0.4589 0.0082 0.2649 0 0 2
0.3128 0.3774 0.8686 0.3979 0.45 0.0089 0.2677 0 0.1961 2
0.2599 0.4496 0.8196 0.5131 0.4018 0.0103 0.2277 0 0 2
0.2423 0.3865 0.8107 0.4324 0.4857 0.0105 0.2416 0 0.5686 2
0.2335 0.4256 0.7951 0.4152 0.4714 0.0103 0.2351 0 0 2
0.3172 0.3789 0.8374 0.3719 0.4625 0.0093 0.2779 0 0 2
0.2379 0.3308 0.7884 0.4584 0.5625 0.0103 0.2416 0 0.4118 2
0.2511 0.3759 0.7884 0.418 0.5411 0.009 0.2481 0 0 2
0.2599 0.4135 0.7751 0.4843 0.4839 0.01 0.2379 0 0 2
0.467 0.3714 0.8196 0.323 0.525 0.0087 0.2872 0 0 2
0.3304 0.3308 0.8151 0.4411 0.4821 0.0093 0.29 0 0.2353 2
0.2423 0.3323 0.804 0.3547 0.525 0.009 0.2946 0 0 2
0.4229 0.4586 0.5078 0.4036 0.3893 0.0079 0.4108 0 0.3333 2
0.4185 0.4241 0.4655 0.4728 0.4232 0.0085 0.3848 0.0086 0.3333 2
0.3965 0.4887 0.3007 0.4613 0.3482 0.0063 0.4768 0 0.3529 2
0.467 0.4541 0.2249 0.3835 0.425 0.0053 0.5307 0 0 2
0.6564 0.4466 0 0.3835 0.2554 0.0031 0.7444 0 0.1961 2
0.304 0.406 0.8864 0.3316 0.4786 0.0093 0.2528 0 0 2
0.2996 0.4481 0.8753 0.4353 0.3571 0.0087 0.2584 0 0.2941 2
0.304 0.391 0.8575 0.3518 0.5304 0.0084 0.25 0 0 2
0.2952 0.3699 0.8686 0.3662 0.45 0.0089 0.2797 0 0.549 2
0.304 0.3414 0.8463 0.3028 0.5821 0.009 0.2742 0 0.2353 2
0.2599 0.3248 0.8062 0.444 0.5625 0.0098 0.2491 0 0 2
0.2423 0.3098 0.784 0.4353 0.6339 0.0106 0.2296 0 0 2
0.2423 0.3218 0.7929 0.4641 0.5946 0.0105 0.2379 0 0 2
0.2511 0.391 0.7884 0.4555 0.4875 0.011 0.2491 0 0 2
0.3216 0.3714 0.8085 0.2999 0.5393 0.0092 0.277 0.0029 0.3333 2
0.2379 0.3188 0.7817 0.4065 0.5714 0.011 0.2602 0.0019 0.4902 2
0.2599 0.3414 0.7728 0.5073 0.5196 0.0106 0.2556 0 0 2
0.2379 0.3398 0.7082 0.346 0.5643 0.0093 0.3141 0 0.4706 2
0.3172 0.3188 0.8174 0.3489 0.4929 0.01 0.302 0 0.6863 2
0.2863 0.4391 0.8151 0.3114 0.5286 0.0018 0.2946 0 0 3
0.2159 0.391 0.7862 0.3777 0.5107 0.009 0.2695 0 0 3
0.2423 0.3774 0.7951 0.3892 0.5161 0.009 0.2797 0 0.1961 3
0.2291 0.215 0.784 0.3806 0.55 0.0092 0.2881 0 0 3
0.2423 0.3624 0.7684 0.4987 0.4768 0.0097 0.2742 0 0.3333 3
0.4449 0.5398 0.8686 0.0156 0.3018 0 0.3773 0 0 3
0.2907 0.4376 0.8129 0.0104 0.5696 0.001 0.3253 0 0 3
0.2159 0.4045 0.7572 0.3431 0.5143 0.0095 0.2686 0 0 3
0.2511 0.3203 0.7973 0.3691 0.5 0.0098 0.3123 0 0 3
0.2335 0.3474 0.7572 0.3547 0.5714 0.0084 0.2928 0 0 3
0.2379 0.403 0.755 0.3604 0.5054 0.0084 0.2993 0 0 3
0.4405 0.4962 0.8374 0.0084 0.3536 0.0018 0.3922 0 0 3
0.2907 0.4211 0.7595 0.4296 0.3982 0.0093 0.3123 0 0 3
0.2996 0.4165 0.7483 0.4613 0.3804 0.0092 0.3141 0 0.1765 3
0.3128 0.391 0.7439 0.4353 0.4161 0.009 0.3309 0 0 3
0.3568 0.4376 0.7884 0.0133 0.5071 0.0026 0.3216 0.0048 0.4706 3
0.4802 0.5203 0.8419 0.0179 0.2768 0.0037 0.3448 0 0.7255 3
0.1718 0.4932 0.5969 1 0.0143 0.2705 0.0409 0.6984 0 4
0.3524 0.3008 0.412 0.5275 0.5143 0.0097 0.4331 0 0 4
0.4626 0.1248 0.4187 0.4411 0.5446 0.0076 0.5558 0 0 4
0.4537 0.0451 0.3808 0.4411 0.6482 0.0093 0.5753 0 0 4
0.3744 0.2872 0 0.467 0.7036 0.0061 0.5669 0 0 4
0.2423 0.3203 0 0.5189 0.7268 0.0156 0.4405 0 0 4
0.3833 0.382 0 0.4987 0.575 0.0076 0.5474 0 0 4
0.5507 0.4075 0 0.4468 0.4304 0.0052 0.6329 0 0 4
0.0881 0.3444 0 0.8675 0.1196 1 0.1422 0 0 4
0.0881 0.3414 0 0.8617 0.1589 1 0.1394 0 0 4
0.4053 0.3985 0 0.395 0.4357 0.0053 0.6571 0 0 4
0.4141 0.3188 0.3586 0.6168 0.4232 0.0122 0.3968 0.0076 1 4
0.4405 0.3368 0.0073 0.4267 0.6393 0.0021 0.5428 0 0.549 4
0.348 0.4917 0.5323 0.4411 0.4571 0 0.3848 0 0 5
0.3612 0.4602 0.5367 0.3345 0.5268 0 0.4033 0 0 5
0.3128 0.5609 0.4989 0.4584 0.4589 0 0.3559 0 0 5
0.3216 0.5053 0.4878 0.4699 0.5107 0 0.3615 0 0 5
0.0793 0.5519 0.3875 0.4353 0.8464 0 0.2007 0 0 5
0.3392 0.6406 0.0174 0.4929 0.4804 0 0.4201 0 0 5
0.3524 0.5143 0 0.5938 0.5232 0 0.5065 0 0 5
0.3744 0.5759 0 0.0078 0.6554 0 0.5381 0 0 5
0 1 0 0.0014 1 0 0.1134 0 0 5
0.0044 0.4451 0.7127 0.5131 0.5357 0.2834 0 0.3778 0 6
0.3172 0.5398 0.7261 0.6312 0.2571 0.2351 0.0335 0.5175 0 6
0.5286 0.4075 0.7439 0.346 0.4589 0.0097 0.316 0 0 6
0.4978 0.6211 0.49 0.5851 0.0804 0.0122 0.4024 0 0 6
0.5463 0.7609 0.4076 0.3691 0.1107 0.005 0.2955 0.5333 0 6
0.2159 0.4737 0.3964 0.5073 0.5875 0 0.3011 0.0241 0 6
0.2115 0.6195 0 0.6773 0.6196 0 0.3095 0.0203 0.1765 6
0.2203 0.5218 0 0.7954 0.6518 0.0006 0.3355 0.0127 0.1765 6
0.2643 0.6045 0 0.5678 0.5732 0 0.2881 0.5048 0.1569 6
0.2467 0.5759 0 0.5621 0.6214 0 0.2872 0.4984 0.1373 6
0.1894 0.5128 0 0.7638 0.6393 0.0013 0.3383 0.0194 0.098 6
0.1938 0.4722 0 0.7234 0.6107 0.0023 0.3699 0.0257 0.0196 6
0.2687 0.597 0 0.6658 0.6196 0 0.3271 0.021 0 6
0.1806 0.5489 0 0.758 0.5875 0.0006 0.3392 0.0203 0 6
0.2159 0.6436 0 0.7148 0.5786 0.0008 0.316 0.0168 0 6
0.1718 0.6647 0 0.6399 0.6589 0 0.2704 0.02 0 6
0.2335 0.1835 0 0.3345 0.9589 0.4348 0.3253 0 0 6
0.1718 0.6195 0 0.6889 0.6982 0 0.2751 0.0178 0 6
0.2379 0.612 0 0.565 0.5893 0 0.2649 0.5429 0 6
0.2203 0.6346 0 0.6456 0.6232 0 0.3048 0.0213 0 6
0.2687 0.6346 0 0.5102 0.5679 0 0.2955 0.4921 0 6
0.2335 0.6331 0 0.5304 0.5893 0 0.3011 0.4381 0 6
0.3128 0.5504 0 0.516 0.5446 0.2271 0.0967 0.9143 0 6
0.2291 0.5474 0 0.781 0.5429 0 0.3736 0.0171 0 6
0.2203 0.5128 0 0.8214 0.5 0.0013 0.3485 0.3365 0 6
0.2511 0.6301 0 0.565 0.5804 0 0.276 0.5048 0 6
0.4185 0.5459 0 0.5736 0.6446 0 0.2797 0.5206 0 6
0.2335 0.5489 0 0.5506 0.6786 0 0.2835 0.4984 0 6
0.2599 0.5263 0 0.5909 0.6339 0 0.2965 0.5302 0 6