0 0.3224 1
0.0088 0.3882 1
0.0531 0.3618 1
0.0442 0.4803 1
0.0796 0.2961 1
0.0796 0.4276 1
0.0708 0.5526 1
0.0973 0.4671 1
0.1239 0.3750 1
0.1327 0.4013 1
0.1593 0.4605 1
0.2035 0.4474 1
0.2124 0.4737 1
0.1770 0.3553 1
0.2035 0.3355 1
0.2124 0.3684 1
0.2301 0.3158 1
0.2389 0.3684 1
0.2478 0.3750 1
0.2832 0.4474 1
0.5841 0 2
0.6460 0.0526 2
0.6991 0.1118 2
0.5044 0.0724 2
0.5752 0.0724 2
0.6549 0.0789 2
0.5487 0.0921 2
0.4779 0.0592 2
0.5310 0.1053 2
0.5752 0.1118 2
0.5487 0.1250 2
0.5044 0.1382 2
0.6372 0.1513 2
0.6018 0.1776 2
0.5310 0.1711 2
0.2124 0.9408 3
0.2478 0.9539 3
0.2743 0.9803 3
0.2566 0.9868 3
0.3009 0.9671 3
0.3274 0.9605 3
0.3009 0.9276 3
0.3009 0.9145 3
0.2478 0.9145 3
0.2655 0.9013 3
0.3540 1.0 3
0.3540 0.9539 3
0.3540 0.9145 3
0.3717 0.9079 3
0.3805 0.9539 3
0.3982 0.9737 3
0.4071 0.9079 3
0.4336 0.9211 3
0.4248 0.9737 3
0.4513 0.9934 3
0.4425 0.7895 3
0.4956 0.8684 3
0.5221 0.8882 3
0.7257 0.8421 4
0.7168 0.7303 4
0.7168 0.6053 4
0.6549 0.5921 4
0.6195 0.6053 4
0.8230 0.7763 4
0.8319 0.7368 4
0.8319 0.7895 4
0.8407 0.7566 4
0.8407 0.8158 4
0.8584 0.7303 4
0.9204 0.7039 4
0.9381 0.7039 4
0.9204 0.7368 4
0.9469 0.8026 4
0.9823 0.7434 4
1.0 0.7303 4