0.2762 0.0417 1
0.2588 0.0565 1
0.2503 0.1349 1
0.2876 0.0885 1
0.2325 0.0831 1
0.3854 0.1130 1
0.2269 0.1505 1
0.3420 0.1456 1
0.2966 0.0396 1
0.2827 0.0816 1
0.2269 0.0456 1
0.2768 0.1749 1
0.2317 0.1061 1
0.2555 0.0144 1
0.3020 0.1717 1
0.3013 0.1203 1
0.3015 0.1030 1
0.2629 0.0563 1
0.3077 0.1481 1
0.2736 0.0609 1
0.3964 0.1008 1
0.3048 0.0783 1
0.2443 0.1390 1
0.2665 0.0336 1
0.2608 0.0627 1
0.2873 0.1122 1
0.3188 0.0673 1
0.3289 0.0988 1
0.2845 0.0643 1
0.2673 0.0666 1
0.3656 0.0578 1
0.3308 0.1197 1
0.2449 0.1220 1
0.3227 0.0353 1
0.2751 0.1013 1
0.3370 0.1220 1
0.3378 0.0828 1
0.3093 0.1294 1
0.3198 0.0848 1
0.3449 0.0951 1
0.2652 0.1743 1
0.3194 0.0525 1
0.3326 0.0445 1
0.2470 0.0903 1
0.3274 0.0844 1
0.3059 0.1392 1
0.2414 0.0996 1
0.3321 0.0352 1
0.2754 0.1682 1
0.2838 0.0316 1
0.3060 0.0771 1
0.3036 0.0732 1
0.1592 0.0225 1
0.2876 0.0941 1
0.2694 0.1069 1
0.2561 0.0694 1
0.2781 0.0502 1
0.3064 0.1066 1
0.2785 0.0109 1
0.2583 0.1488 1
0.2951 0.0071 1
0.2990 0.1055 1
0.2718 0.0224 1
0.2782 0.0605 1
0.3684 0.0682 1
0.2568 0.0962 1
0.3128 0.0598 1
0.2924 0.1465 1
0.4554 0.0550 1
0.2516 0.0849 1
0.2823 0.1184 1
0.3299 0.0959 1
0.2628 0.1558 1
0.2395 0.0237 1
0.3814 0.1189 1
0.3081 0.1438 1
0.2803 0.0116 1
0.2345 0.0696 1
0.3067 0.0521 1
0.2728 0.1271 1
0.2397 0.1102 1
0.2249 0.1092 1
0.2947 0.0942 1
0.1895 0.1060 1
0.3339 0.1929 1
0.2178 0.1219 1
0.2421 0.0535 1
0.3331 0.1067 1
0.2782 0.0480 1
0.2516 0.1348 1
0.3339 0.1246 1
0.3067 0.1143 1
0.2590 0.0919 1
0.2750 0.1408 1
0.2991 0.1112 1
0.2760 0.0475 1
0.2569 0.1088 1
0.3429 0.0639 1
0.3414 0.0892 1
0.2725 0.0657 1
0.2837 0.0477 1
0.2613 0.0914 1
0.2741 0.0679 1
0.3186 0.0306 1
0.2875 0.1302 1
0.2446 0.1012 1
0.2843 0.1106 1
0.3452 0.0952 1
0.2117 0.0316 1
0.3251 0.1176 1
0.3017 0.1294 1
0.2916 0.1206 1
0.3006 0.0921 1
0.2989 0.1166 1
0.3544 0.1338 1
0.2872 0.1119 1
0.2370 0.0256 1
0.2544 0.0953 1
0.2243 0.1648 1
0.2087 0.0550 1
0.3273 0.0997 1
0.3183 0.0621 1
0.2659 0.0850 1
0.2717 0.0788 1
0.2690 0.1404 1
0.2786 0.0539 1
0.3229 0.0579 1
0.3703 0.0576 1
0.3342 0.1015 1
0.2017 0.0919 1
0.1876 0.0954 1
0.2800 0.0842 1
0.3080 0.0854 1
0.2275 0.1106 1
0.2872 0.1002 1
0.2854 0.0885 1
0.3301 0.0941 1
0.3131 0.0847 1
0.1959 0.0694 1
0.3019 0.0898 1
0.2727 0.1526 1
0.3448 0.0652 1
0.2896 0.0648 1
0.2889 0.1719 1
0.3193 0.0846 1
0.2597 0.0396 1
0.2285 0.1160 1
0.2162 0.0484 1
0.2595 0.1353 1
0.3041 0.0169 1
0.3478 0.0881 1
0.3350 0.0895 1
0.2814 0.1102 1
0.2753 0.0511 1
0.2382 0.1240 1
0.3181 0.0757 1
0.2480 0.1275 1
0.2539 0.0438 1
0.3186 0.1197 1
0.3290 0.0590 1
0.2359 0.1313 1
0.2567 0.0896 1
0.2769 0.0360 1
0.3104 0.1218 1
0.3318 0.1025 1
0.3026 0.0415 1
0.2833 0.0862 1
0.3707 0.1182 1
0.2363 0.1353 1
0.3348 0.1466 1
0.2893 0.0704 1
0.2797 0.1732 1
0.3121 0.0398 1
0.2642 0.0627 1
0.3128 0.1299 1
0.2826 0.0416 1
0.3014 0.0646 1
0.2432 0.0881 1
0.2618 0.1170 1
0.3264 0.1241 1
0.3243 0.1334 1
0.2519 0.0749 1
0.3065 0.0942 1
0.2238 0.0838 1
0.2964 0.1299 1
0.3219 0.1500 1
0.2704 0.1373 1
0.3210 0.1497 1
0.3098 0.1357 1
0.2733 0.0550 1
0.3697 0.0853 1
0.3412 0.0346 1
0.3086 0.1355 1
0.3293 0.1554 1
0.2821 0.0585 1
0.2723 0.0531 1
0.3156 0.0734 1
0.2588 0.1180 1
0.3034 0.1418 1
0.3183 0.1068 1
0.3083 0.0811 1
0.2733 0.0779 1
0.3518 0.0623 1
0.2804 0.0420 1
0.3712 0.0352 1
0.3208 0.1072 1
0.2788 0.1276 1
0.2359 0.0841 1
0.3351 0.0646 1
0.2554 0.0627 1
0.2663 0.1232 1
0.3333 0.1274 1
0.3406 0.0816 1
0.3235 0.0887 1
0.3270 0.1698 1
0.2814 0.0856 1
0.2960 0.0695 1
0.2762 0.0895 1
0.2658 0.0420 1
0.2770 0.1000 1
0.2146 0.1198 1
0.3313 0.0848 1
0.3049 0.1222 1
0.3377 0.0898 1
0.2751 0.0611 1
0.3205 0.1062 1
0.3151 0.1294 1
0.2861 0.0283 1
0.3075 0.1222 1
0.3023 0.0440 1
0.2812 0.0956 1
0.3540 0.0621 1
0.3054 0.0963 1
0.3654 0.1227 1
0.3128 0.0810 1
0.2618 0.2164 1
0.3157 0.0752 1
0.3275 0.0349 1
0.2508 0.0579 1
0.2797 0.1103 1
0.2879 0.1314 1
0.3198 0.1424 1
0.3102 0.0732 1
0.2336 0.0727 1
0.2910 0.1389 1
0.3115 0.1436 1
0.2883 0.1237 1
0.2664 0.1218 1
0.2676 0.1066 1
0.3765 0.1161 1
0.2947 0.1479 1
0.2521 0.1369 1
0.2101 0.1570 1
0.3193 0.0541 1
0.3416 0.1133 1
0.2513 0.1104 1
0.2908 0.1544 1
0.2847 0.1192 1
0.2737 0.0781 1
0.2941 0.1194 1
0.3086 0.0603 1
0.3141 0.1000 1
0.3292 0.0227 1
0.3336 0.1184 1
0.2082 0.1133 1
0.2061 0.1009 1
0.1659 0.0721 1
0.3835 0.0739 1
0.2834 0.0966 1
0.3796 0.0614 1
0.3083 0.0280 1
0.3654 0.1651 1
0.3173 0.1094 1
0.3475 0.0939 1
0.3106 0.0725 1
0.3281 0.1053 1
0.3523 0.1239 1
0.2586 0.0270 1
0.3327 0.1457 1
0.3262 0.0536 1
0.3098 0.0649 1
0.3590 0.0901 1
0.3070 0.1335 1
0.2594 0.0830 1
0.2754 0.1218 1
0.3135 0.1076 1
0.2569 0.0885 1
0.3681 0.0758 1
0.2273 0.0675 1
0.2839 0.1237 1
0.2116 0.1471 1
0.2542 0.1038 1
0.2603 0.0952 1
0.2971 0.0362 1
0.3012 0.1389 1
0.3222 0.0476 1
0.3191 0.0779 1
0.2993 0.1581 1
0.3181 0.0377 1
0.2532 0.1177 1
0.3232 0.1164 1
0.2960 0.0450 1
0.3535 0.0935 1
0.2464 0.1141 1
0.2525 0.1102 1
0.2976 0.0972 1
0.2693 0.1722 1
0.3678 0.0632 1
0.3167 0.1204 1
0.2780 0.0843 1
0.2794 0.0871 1
0.2893 0.0992 1
0.3237 0.0444 1
0.3125 0.1018 1
0.2896 0.0823 1
0.2788 0.0731 1
0.3075 0.0962 1
0.2978 0.1837 1
0.2724 0.0884 1
0.3194 0.0655 1
0.4100 0.1031 1
0.2278 0.0606 1
0.2826 0.1169 1
0.2572 0.1105 1
0.2844 0.1310 1
0.2717 0.0872 1
0.2776 0.1076 1
0.2583 0.0860 1
0.3061 0.0401 1
0.2794 0.1018 1
0.2820 0.0828 1
0.2868 0.0990 1
0.2810 0.1386 1
0.3064 0.0859 1
0.3142 0.0902 1
0.2675 0.1214 1
0.3048 0.0983 1
0.3140 0.0890 1
0.2901 0.0719 1
0.3047 0.0966 1
0.2825 0.0739 1
0.2491 0.0433 1
0.3477 0.1289 1
0.2961 0.0579 1
0.3326 0.0855 1
0.2967 0.1698 1
0.3227 0.1171 1
0.3332 0.0488 1
0.2554 0.1349 1
0.2898 0.0913 1
0.2994 0.0726 1
0.2757 0.0665 1
0.2021 0.0441 1
0.2970 0.1796 1
0.3019 0.0614 1
0.2994 0 1
0.2328 0.1047 1
0.2417 0.0225 1
0.2999 0.1447 1
0.3393 0.0496 1
0.2545 0.0956 1
0.2629 0.1114 1
0.2162 0.0475 1
0.3490 0.0352 1
0.2599 0.0649 1
0.2889 0.0655 1
0.3291 0.1148 1
0.2964 0.0554 1
0.3023 0.1515 1
0.2078 0.1051 1
0.2733 0.1082 1
0.3075 0.1305 1
0.2788 0.1204 1
0.2770 0.0880 1
0.2306 0.0743 1
0.3211 0.0520 1
0.2902 0.1088 1
0.3597 0.0748 1
0.3078 0.1381 1
0.3307 0.0787 1
0.2730 0.1143 1
0.2886 0.0828 1
0.3163 0.1618 1
0.3435 0.0798 1
0.3142 0.1170 1
0.3231 0.0792 1
0.3403 0.1611 1
0.2943 0.1392 1
0.2351 0.0196 1
0.3046 0.1465 1
0.3251 0.0624 1
0.3482 0.1183 1
0.3511 0.0946 1
0.3115 0.0524 1
0.3240 0.0549 1
0.3517 0.0939 1
0.2221 0.0908 1
0.2990 0.1572 1
0.3570 0.1114 1
0.3729 0.0499 1
0.6062 0.6760 2
0.5665 0.6325 2
0.5932 0.6681 2
0.5174 0.6659 2
0.5469 0.7112 2
0.5737 0.6964 2
0.5678 0.6465 2
0.5828 0.6738 2
0.5620 0.6881 2
0.5676 0.7152 2
0.5593 0.7176 2
0.6217 0.6724 2
0.6607 0.6347 2
0.6193 0.6741 2
0.5949 0.6514 2
0.6268 0.6713 2
0.5757 0.7064 2
0.5638 0.6554 2
0.5661 0.6991 2
0.6432 0.6512 2
0.5373 0.7100 2
0.6088 0.6358 2
0.5705 0.6743 2
0.5864 0.5986 2
0.6230 0.6975 2
0.6013 0.7213 2
0.6123 0.6821 2
0.6796 0.7292 2
0.5793 0.6919 2
0.5295 0.6618 2
0.5854 0.7058 2
0.5943 0.6686 2
0.6542 0.6850 2
0.6016 0.6833 2
0.5945 0.6651 2
0.5496 0.6218 2
0.5944 0.6634 2
0.6114 0.6630 2
0.5393 0.6664 2
0.5488 0.6650 2
0.6479 0.6388 2
0.6223 0.6914 2
0.6339 0.6911 2
0.5637 0.7078 2
0.6030 0.7433 2
0.5367 0.7229 2
0.5214 0.6630 2
0.5795 0.6572 2
0.6207 0.6882 2
0.6375 0.6582 2
0.6165 0.6749 2
0.6489 0.6408 2
0.5434 0.7299 2
0.6105 0.7281 2
0.5676 0.7003 2
0.5881 0.7122 2
0.5684 0.6631 2
0.5909 0.6752 2
0.5380 0.6515 2
0.6131 0.6889 2
0.6358 0.6742 2
0.5016 0.6663 2
0.5838 0.7136 2
0.5697 0.6795 2
0.6095 0.6514 2
0.6433 0.7031 2
0.5457 0.7035 2
0.5890 0.6781 2
0.6056 0.7259 2
0.6419 0.7080 2
0.5980 0.7273 2
0.5764 0.7137 2
0.6132 0.6893 2
0.5566 0.7272 2
0.5952 0.6706 2
0.6653 0.6669 2
0.5964 0.7224 2
0.5995 0.6786 2
0.5360 0.6762 2
0.5690 0.7381 2
0.4923 0.6939 2
0.6725 0.6803 2
0.6296 0.6847 2
0.5851 0.7437 2
0.6219 0.6058 2
0.6738 0.7012 2
0.5106 0.7015 2
0.5815 0.6736 2
0.5876 0.6364 2
0.6182 0.7472 2
0.6073 0.6510 2
0.6262 0.7035 2
0.6616 0.6743 2
0.6009 0.6560 2
0.5882 0.6337 2
0.5581 0.7096 2
0.5942 0.6961 2
0.5775 0.6494 2
0.5685 0.7084 2
0.5975 0.6817 2
0.6539 0.7258 2
0.6512 0.7823 2
0.5664 0.6591 2
0.5326 0.6804 2
0.6255 0.6412 2
0.5846 0.6964 2
0.6025 0.7003 2
0.6443 0.6760 2
0.5158 0.7174 2
0.6319 0.7116 2
0.5765 0.6358 2
0.5819 0.6845 2
0.6122 0.7006 2
0.5781 0.6619 2
0.6149 0.6728 2
0.5868 0.7493 2
0.5538 0.6585 2
0.6113 0.6854 2
0.6385 0.6687 2
0.5847 0.7012 2
0.5526 0.6734 2
0.5767 0.6774 2
0.5613 0.6630 2
0.6053 0.7199 2
0.5630 0.6878 2
0.5818 0.7236 2
0.6342 0.7141 2
0.5516 0.7051 2
0.6035 0.6302 2
0.5500 0.7462 2
0.5805 0.7193 2
0.6192 0.7078 2
0.6043 0.6825 2
0.5243 0.7071 2
0.5725 0.7382 2
0.6103 0.7212 2
0.6357 0.6899 2
0.6379 0.7035 2
0.5631 0.7197 2
0.5751 0.6875 2
0.6379 0.6894 2
0.5853 0.6656 2
0.6285 0.7433 2
0.5517 0.6683 2
0.6610 0.6529 2
0.5295 0.7272 2
0.6344 0.6973 2
0.6029 0.7279 2
0.6211 0.6865 2
0.6187 0.6992 2
0.5818 0.7063 2
0.5431 0.6374 2
0.6265 0.6583 2
0.6511 0.7464 2
0.5980 0.7152 2
0.6665 0.7076 2
0.6172 0.6455 2
0.5755 0.7574 2
0.5871 0.6615 2
0.6106 0.7047 2
0.6292 0.6980 2
0.5724 0.6937 2
0.6157 0.6799 2
0.6430 0.6244 2
0.5859 0.6659 2
0.5552 0.7101 2
0.6177 0.6614 2
0.5178 0.7216 2
0.5765 0.6787 2
0.5928 0.6832 2
0.5932 0.6987 2
0.6285 0.6999 2
0.5219 0.6968 2
0.6032 0.6659 2
0.5771 0.6374 2
0.6002 0.6761 2
0.5863 0.7022 2
0.5660 0.7028 2
0.6280 0.7494 2
0.5557 0.7480 2
0.6575 0.7263 2
0.5444 0.6541 2
0.6111 0.6930 2
0.6130 0.6661 2
0.6024 0.7577 2
0.6061 0.7112 2
0.5923 0.6883 2
0.5483 0.7372 2
0.6314 0.6896 2
0.6131 0.7119 2
0.6357 0.6528 2
0.5922 0.6926 2
0.6082 0.7042 2
0.6346 0.6728 2
0.6062 0.6762 2
0.6061 0.6712 2
0.5748 0.7103 2
0.5815 0.7202 2
0.5517 0.7065 2
0.5682 0.6868 2
0.5331 0.7541 2
0.6270 0.6820 2
0.6177 0.6539 2
0.5974 0.6674 2
0.5881 0.6793 2
0.6600 0.7383 2
0.6213 0.7271 2
0.6088 0.7512 2
0.6412 0.6522 2
0.6490 0.6578 2
0.5737 0.6333 2
0.6696 0.7603 2
0.6113 0.6955 2
0.6134 0.6328 2
0.5562 0.6316 2
0.5815 0.6522 2
0.5714 0.6352 2
0.5018 0.7455 2
0.5711 0.6054 2
0.5677 0.6393 2
0.5764 0.7591 2
0.5534 0.7657 2
0.4861 0.6285 2
0.6259 0.7103 2
0.5950 0.7174 2
0.6068 0.7012 2
0.6114 0.6134 2
0.5809 0.6353 2
0.5898 0.7046 2
0.5603 0.6294 2
0.6171 0.7070 2
0.4952 0.6919 2
0.6194 0.7314 2
0.6065 0.6566 2
0.6496 0.6754 2
0.6031 0.6795 2
0.6136 0.6542 2
0.6073 0.6845 2
0.6215 0.6774 2
0.6693 0.6778 2
0.5921 0.6707 2
0.6664 0.7021 2
0.6103 0.7338 2
0.6282 0.7546 2
0.6400 0.7177 2
0.6008 0.6642 2
0.6366 0.6677 2
0.5589 0.6746 2
0.6500 0.7029 2
0.6204 0.6964 2
0.5686 0.7163 2
0.6037 0.6819 2
0.5497 0.7809 2
0.5504 0.6339 2
0.5667 0.7027 2
0.6508 0.7614 2
0.5487 0.6469 2
0.5942 0.6999 2
0.5471 0.6902 2
0.5140 0.7162 2
0.5711 0.6779 2
0.5702 0.6372 2
0.5748 0.6350 2
0.6526 0.6817 2
0.5850 0.7039 2
0.5627 0.6346 2
0.6035 0.6181 2
0.5390 0.6740 2
0.6276 0.6652 2
0.5541 0.7378 2
0.5719 0.6844 2
0.5325 0.7180 2
0.5354 0.6857 2
0.6229 0.7086 2
0.6542 0.7092 2
0.6118 0.7519 2
0.6232 0.7254 2
0.5401 0.6896 2
0.5753 0.6377 2
0.5474 0.7112 2
0.6053 0.7267 2
0.6160 0.7086 2
0.6655 0.6999 2
0.5382 0.7046 2
0.5996 0.6718 2
0.6264 0.7235 2
0.5893 0.6461 2
0.5942 0.7286 2
0.5684 0.6979 2
0.6408 0.6569 2
0.6176 0.6570 2
0.5257 0.7094 2
0.5679 0.7662 2
0.6217 0.6822 2
0.5510 0.6420 2
0.5319 0.6472 2
0.6013 0.6980 2
0.4804 0.6961 2
0.6360 0.7577 2
0.6195 0.6304 2
0.9055 0.1271 3
0.9556 0.0832 3
0.7936 0.0896 3
0.9086 0.1716 3
0.9196 0.0453 3
0.9011 0.1104 3
0.9218 0.1548 3
0.8816 0.0830 3
0.8628 0.0669 3
0.9900 0.1499 3
0.9214 0.1588 3
0.9112 0.1015 3
0.9266 0.1057 3
0.9130 0.1239 3
0.8685 0.0779 3
0.8863 0.0684 3
0.8976 0.0440 3
0.9414 0.0478 3
0.9037 0.0602 3
0.8935 0.0280 3
0.8910 0.0810 3
0.8880 0.1293 3
0.9022 0.0444 3
0.9187 0.1146 3
0.9072 0.0856 3
0.8848 0.0370 3
0.9069 0.1035 3
0.9051 0.1163 3
0.8759 0.0661 3
0.8882 0.0542 3
0.8745 0.0873 3
0.9150 0.1672 3
0.9358 0.1367 3
0.8852 0.1131 3
0.8753 0.1042 3
0.9153 0.0562 3
0.8540 0.0652 3
0.8651 0.1005 3
0.9330 0.1139 3
0.9088 0.1378 3
0.9159 0.1129 3
0.9565 0.0401 3
0.9320 0.0274 3
0.8562 0.0383 3
0.9327 0.0945 3
0.7939 0.0632 3
0.9107 0.0798 3
0.8790 0.0774 3
0.9643 0.1330 3
0.8910 0.0913 3
0.9578 0.1365 3
0.8778 0.0645 3
0.9049 0.0328 3
0.8846 0.0921 3
0.9211 0.0858 3
0.8900 0.0639 3
0.9575 0.0884 3
1.0000 0.0881 3
0.9130 0.0517 3
0.9401 0.0298 3
0.8998 0.0780 3
0.9065 0.0925 3
0.8669 0.0913 3
0.9014 0.1048 3
0.9046 0.0969 3
0.8644 0.1207 3
0.9162 0.0635 3
0.8906 0.1135 3
0.8037 0.1154 3
0.9299 0.0923 3
0.8673 0.1299 3
0.8742 0.0713 3
0.8811 0.0836 3
0.8754 0.1306 3
0.9179 0.1075 3
0.8860 0.1027 3
0.8829 0.0602 3
0.9044 0.0953 3
0.8755 0.0635 3
0.9241 0.0908 3
0.9311 0.0824 3
0.9444 0.1085 3
0.8619 0.0977 3
0.8610 0.1286 3
0.8416 0.0603 3
0.8505 0.0932 3
0.9014 0.0542 3
0.9241 0.1003 3
0.9473 0.0915 3
0.9277 0.1417 3
0.8820 0.0475 3
0.8882 0.1201 3
0.8585 0.0507 3
0.9196 0.0597 3
0.8280 0.0486 3
0.8957 0.1436 3
0.9025 0.0490 3
0.8507 0.0975 3
0.9456 0.1024 3
0.8790 0.1305 3
0.0992 0.9016 4
0.0729 0.8986 4
0.1517 0.8877 4
0.1378 0.8658 4
0.1093 0.8370 4
0.0810 0.8672 4
0.1305 0.9288 4
0.0770 0.8934 4
0.0370 0.8042 4
0.1294 0.8959 4
0.1151 0.8933 4
0.1131 0.9264 4
0.1067 0.8432 4
0.1456 0.8678 4
0.0734 0.9474 4
0.1431 0.8817 4
0.1236 0.8456 4
0.1188 0.9018 4
0.0769 0.8738 4
0.1155 0.8227 4
0.1404 0.8751 4
0.1171 0.8835 4
0.1501 0.8184 4
0.0556 0.8997 4
0.1530 0.9403 4
0.0654 0.7983 4
0.1000 0.8503 4
0.1517 0.8593 4
0.1795 0.8372 4
0.1041 0.8390 4
0.1731 0.9178 4
0.0407 0.9566 4
0.1478 0.8994 4
0.1201 0.8765 4
0.1468 0.8376 4
0.1414 0.8358 4
0.0946 0.7955 4
0.1662 0.8358 4
0.0480 0.8457 4
0.0776 0.7998 4
0.1058 0.9505 4
0.0236 0.9191 4
0.1108 0.8989 4
0.0974 0.8766 4
0.0731 0.8516 4
0.1465 0.8767 4
0.0384 0.8909 4
0.1447 0.8792 4
0.0625 0.8652 4
0.0684 0.8568 4
0.0991 0.8427 4
0.0583 0.8616 4
0.1430 0.8321 4
0.1423 0.7930 4
0.1779 0.8415 4
0.0795 0.7976 4
0.1769 0.8937 4
0.0964 0.7973 4
0.1621 0.9175 4
0.1421 0.8587 4
0.0873 0.8401 4
0.1113 0.8931 4
0.1129 0.8165 4
0.0684 0.9038 4
0.1240 0.9114 4
0.1430 1.0000 4
0.1468 0.8529 4
0.1670 0.8433 4
0.1918 0.9205 4
0.1277 0.8958 4
0.1252 0.8156 4
0.1036 0.8723 4
0.1154 0.8542 4
0.1072 0.8855 4
0.0925 0.8678 4
0.1378 0.8352 4
0.1267 0.8492 4
0.0765 0.8577 4
0.0900 0.8971 4
0.1410 0.8322 4
0.1394 0.8523 4
0.0486 0.9150 4
0.1189 0.8255 4
0.0496 0.8730 4
0.1375 0.9225 4
0.0998 0.8206 4
0.1389 0.8613 4
0.1155 0.9163 4
0.1297 0.8518 4
0.0784 0.8890 4
0 0.8686 4
0.1021 0.8839 4
0.1316 0.8375 4
0.1118 0.8428 4
0.1146 0.8823 4
0.1472 0.8322 4
0.1681 0.8626 4
0.0876 0.8126 4
0.1408 0.9130 4
0.1082 0.8621 4
0.0990 0.8552 4
0.0784 0.8493 4
0.1334 0.8757 4
0.0645 0.8953 4
0.1360 0.8534 4
0.1322 0.8708 4
0.0856 0.8951 4
0.1238 0.8461 4
0.2208 0.8122 4
0.0313 0.8892 4
0.1036 0.8953 4
0.0699 0.8782 4
0.0809 0.8377 4
0.1219 0.8932 4
0.1589 0.7810 4
0.0742 0.8792 4
0.1041 0.8127 4
0.0847 0.9103 4
0.1066 0.8391 4
0.0963 0.8128 4
0.0919 0.8172 4
0.0790 0.8695 4
0.0864 0.8761 4
0.1226 0.8840 4
0.0787 0.9046 4
0.0760 0.9197 4
0.1390 0.8933 4
0.0759 0.8060 4
0.1420 0.9110 4
0.1642 0.9020 4
0.1482 0.9348 4
0.1087 0.8865 4
0.1020 0.8654 4
0.0621 0.8889 4
0.2171 0.8721 4
0.1576 0.8859 4
0.1140 0.9038 4
0.0998 0.8359 4
0.1038 0.8841 4
0.0894 0.8793 4
0.1021 0.8431 4
0.1140 0.8190 4
0.1013 0.8622 4
0.1842 0.8408 4
0.1317 0.8770 4
0.1291 0.9439 4
0.1751 0.8633 4
0.0227 0.9331 4
0.1224 0.9437 4
0.0905 0.8675 4
0.1779 0.9050 4
0.1271 0.9183 4
0.1161 0.9377 4
0.0679 0.7873 4
0.0407 0.8958 4
0.1310 0.8220 4
0.1198 0.9055 4
0.0578 0.9157 4
0.0799 0.8424 4
0.0850 0.9535 4
0.1002 0.9312 4
0.1251 0.8816 4
0.0828 0.9394 4
0.1522 0.9217 4
0.0541 0.8500 4
0.0838 0.9182 4
0.1227 0.9199 4
0.1363 0.8263 4
0.1285 0.8121 4
0.1392 0.8323 4
0.0677 0.8976 4
0.0929 0.8528 4
0.1128 0.8467 4
0.0940 0.8969 4
0.0944 0.8641 4
0.0736 0.8863 4
0.0949 0.9215 4
0.1455 0.8400 4
0.1638 0.8840 4
0.1442 0.8765 4
0.0726 0.8694 4
0.1403 0.8914 4
0.2472 0.9142 4
0.0544 0.8573 4
0.0557 0.8593 4
0.1050 0.8513 4
0.1726 0.8418 4
0.0789 0.8833 4
0.0500 0.9102 4
0.0534 0.8469 4
0.1288 0.7698 4
0.1807 0.9169 4
0.1137 0.8192 4
0.1766 0.8419 4
0.1610 0.8991 4
0.1447 0.8037 4
0.1178 0.8674 4
0.1259 0.8601 4
0.1030 0.8349 4
0.0639 0.8986 4