0.0883 0.1433 0.1258 0.1689 0.1632 0.2703 0.1289 0.2429 0.1766 0.1557 1
0.1200 0.1309 0.0643 0.1916 0.1038 0.1243 0.1327 0.1238 0.1797 0.2255 1
0.1597 0.1221 0.1364 0.1707 0.1126 0.0482 0.1483 0.1825 0.1332 0.1968 1
0.1378 0.1047 0.0106 0.1005 0.0950 0.1074 0.0918 0.0569 0.1200 0.1439 1
0.0592 0.1190 0.1733 0.1228 0.1353 0.1199 0.1300 0.1469 0.0906 0.2236 1
0.0847 0.1414 0.1259 0.2315 0.0552 0.1524 0.1687 0.1814 0.0758 0.2253 1
0.1846 0.1714 0.0182 0.1133 0.0980 0.1316 0.1546 0.1891 0.1083 0.1947 1
0.0914 0.1184 0.1580 0.0986 0.1990 0.0787 0.1407 0.2609 0.1001 0.2040 1
0.1204 0.2167 0.0597 0.1736 0.1662 0.2031 0.0892 0.1488 0.0925 0.1677 1
0.0778 0.1799 0.1541 0.1774 0.1922 0.1632 0.1210 0.1225 0.1157 0.2170 1
0.1481 0.2348 0.2024 0.1357 0.1731 0.2067 0.1103 0.2072 0.1745 0.2829 1
0.0881 0.1881 0.1317 0.1420 0.1695 0.1013 0.0563 0.1397 0.1173 0.0927 1
0.1299 0.0691 0.1632 0.0569 0.0971 0 0.1068 0.2112 0.0482 0.1671 1
0.0601 0.1506 0.1822 0.0560 0.1692 0.1911 0.1036 0.1529 0.1075 0.2288 1
0.0684 0.0978 0.0894 0.2099 0.1621 0.1331 0.1058 0.1537 0.0753 0.1291 1
0.0983 0.1270 0.2010 0.1577 0.1235 0.2148 0.1277 0.2120 0.0845 0.1599 1
0.0601 0.1968 0.1389 0.1032 0.1114 0.1754 0.1320 0.1876 0.0936 0.1261 1
0.0540 0.2022 0.1830 0.0868 0.1499 0.1443 0.1256 0.1961 0.1722 0.1098 1
0.0154 0.1775 0.1152 0.1890 0.1968 0.2600 0.1574 0.1295 0.0264 0.0829 1
0.1435 0.1313 0.1205 0.1280 0.1663 0.1485 0.1063 0.1389 0.1049 0.2331 1
0.1026 0.0267 0.2041 0.2265 0.1546 0.1944 0.1308 0.1608 0.1078 0.1225 1
0.1576 0.2240 0.1243 0.1273 0.1149 0.1335 0.0314 0.1173 0.0831 0.1790 1
0.0674 0.0973 0.1288 0.1838 0.1720 0.1248 0.1439 0.2187 0.1128 0.2103 1
0.0782 0.1676 0.1353 0.0780 0.1499 0.2194 0.1112 0.2112 0.1662 0.1150 1
0.1406 0.0636 0.1259 0.0683 0.2316 0.1209 0.1188 0.2202 0.1168 0.0962 1
0.0683 0.1278 0.1277 0.2142 0.1250 0.2004 0.1278 0.1631 0.1650 0.1374 1
0.1000 0.0903 0.0382 0.1926 0.1852 0.2473 0.1771 0.1712 0.0576 0.2697 1
0.1165 0.0990 0.0721 0.1330 0.1656 0.2984 0.1920 0.1694 0.1474 0.1869 1
0.1109 0.1448 0.1794 0.1074 0.1550 0.0814 0.1460 0.1048 0.1189 0.1795 1
0.0459 0.1158 0.1317 0.1295 0.1750 0.2539 0.1317 0.1946 0.1587 0.2527 1
0.0624 0.2676 0.1425 0.1975 0.1348 0.1182 0.1963 0.1390 0.0770 0.1734 1
0.1113 0.3069 0.0615 0.1300 0.0881 0.1568 0.1217 0.1835 0.1925 0.2105 1
0.0801 0.1030 0.0830 0.0763 0.1769 0.1482 0.1160 0.1570 0.1126 0.2556 1
0.1169 0.1507 0.0537 0.1544 0.1034 0.1494 0.1580 0.1933 0.0822 0.2173 1
0.1682 0.1771 0.1467 0.0991 0.1742 0.1669 0.1213 0.1189 0.0926 0.1562 1
0.1426 0.0495 0.1432 0.1133 0.1396 0.2414 0.1332 0.1786 0.1436 0.1978 1
0.1577 0.1747 0.0710 0.1221 0.1910 0.1553 0.1590 0.1742 0.1037 0.1750 1
0.0674 0.1606 0.0957 0.1257 0.1680 0.1959 0.1821 0.1871 0.1102 0.2067 1
0.0286 0.1584 0.1277 0.0809 0.0988 0.2564 0.1467 0.1408 0.1189 0.2383 1
0.1474 0.1169 0.1040 0.1197 0.1300 0.1774 0.1240 0.1829 0.1252 0.2258 1
0.1338 0.1747 0.1759 0.1714 0.1652 0.1006 0.1480 0.1318 0.0640 0.1461 1
0.1266 0.1179 0.1502 0.2160 0.1604 0.1326 0.1209 0.1783 0.0539 0.2052 1
0.1201 0.2251 0.1361 0.1658 0.1426 0.1355 0.1228 0.1122 0.0639 0.1070 1
0.1269 0.1947 0.1081 0.2352 0.1066 0.0785 0.1640 0.1426 0.0499 0.2830 1
0.1110 0.1146 0.1457 0.1219 0.2438 0.1900 0.1331 0.1833 0.1233 0.2258 1
0.0381 0.2042 0.1739 0.1944 0.1298 0.1698 0.1245 0.1608 0.1456 0.1629 1
0.0787 0.1000 0.1300 0.1312 0.1212 0.2175 0.1348 0.1881 0.1114 0.1434 1
0.1259 0.1450 0.1205 0.0756 0.1634 0.1556 0.0791 0.1631 0.0917 0.1163 1
0.1545 0.1671 0.1271 0.1826 0.2231 0.1556 0.1265 0.2023 0.0655 0.1742 1
0.0936 0.2650 0.1587 0.1295 0.1198 0.1243 0.0805 0.1294 0.1302 0.1694 1
0.0871 0.1586 0.1245 0.0488 0.1914 0.2155 0.1451 0.1426 0.1761 0.2007 1
0.0729 0.1502 0.1042 0.1468 0.1826 0.2870 0.1220 0.1843 0.1185 0.1341 1
0.1597 0.1521 0.1604 0.1478 0.1517 0.1989 0.1464 0.2318 0.1825 0.1649 1
0.1022 0.1202 0.1748 0.2009 0.1865 0.1778 0.1343 0.1358 0.1340 0.1542 1
0.0816 0.1830 0.1900 0.1015 0.0979 0.1719 0.1187 0.1292 0.1091 0.1285 1
0.1219 0.1188 0.1077 0.1494 0.1473 0.1165 0.1793 0.1557 0.0953 0.1617 1
0.0599 0.1316 0.1599 0.1408 0.0978 0.1859 0.0749 0.2403 0.1814 0.1022 1
0.0624 0.1735 0.0680 0.1760 0.1465 0.1428 0.0991 0.1086 0.0676 0.1501 1
0.1074 0.1836 0.1975 0.1881 0.1424 0.0030 0.1725 0.1096 0.1186 0.1594 1
0.1003 0.0129 0.1081 0.0323 0.0904 0.0602 0.1471 0.0909 0.1627 0.1652 1
0.0949 0.1992 0.0670 0.0991 0.2159 0.2314 0.1169 0.1433 0.1461 0.2101 1
0.1180 0.1164 0.1556 0.1351 0.1239 0.2547 0.1528 0.0918 0.1095 0.2865 1
0.1303 0.1381 0.1184 0.1278 0.1037 0.1889 0.1547 0.0924 0.1055 0.1055 1
0.1686 0.1969 0.1288 0.1048 0.1690 0.1815 0.1284 0.1555 0.0756 0.1617 1
0.0509 0.1179 0.1404 0.1572 0.1496 0.1316 0.1126 0.1290 0.1742 0.1280 1
0.1084 0.1825 0.1659 0.1390 0.0590 0.1582 0.1151 0.1830 0.1044 0.1918 1
0.0544 0.2126 0.1152 0.2046 0.1344 0.2466 0.1929 0.0702 0.1614 0.2338 1
0.1357 0.1985 0.0723 0.1150 0.1321 0.2417 0.1112 0.1408 0.1461 0.1020 1
0.0922 0.0313 0.0494 0.1663 0.1302 0.1072 0.1467 0.0492 0 0.2000 1
0.1288 0.1697 0.1657 0.1217 0.1751 0.0918 0.1304 0.1632 0.1647 0.0930 1
0.0889 0.1108 0.0840 0.1786 0.2481 0.0034 0.1270 0.2226 0.0864 0.2216 1
0.1318 0.1151 0.1099 0.1451 0.0221 0.1013 0.1725 0.1883 0.1209 0.1700 1
0.0541 0.0743 0.1253 0.1650 0.0812 0.2475 0.1704 0.1078 0.1302 0.1609 1
0.1042 0.1353 0.0333 0.1183 0.1492 0.2008 0.0262 0.1567 0.0879 0.1642 1
0.0622 0.0938 0.1700 0.1580 0.1542 0.1960 0.1679 0.1294 0.0654 0.2554 1
0.1220 0.1992 0.1251 0.0859 0.2025 0.1871 0.1276 0.1186 0.0800 0.0804 1
0.0939 0.2365 0.1051 0.1031 0.1486 0.1654 0.1254 0.1711 0.0809 0.1512 1
0.1430 0.1073 0.1145 0.1674 0.1824 0.2197 0.1093 0.1443 0.0813 0.2343 1
0.0843 0.1214 0.1273 0.1401 0.1868 0.2241 0.1245 0.1919 0.0884 0.1173 1
0.0792 0.1796 0.1408 0.1368 0.1276 0.1715 0.1430 0.1542 0.0314 0.0511 1
0.1060 0.0500 0.1607 0.1281 0.1647 0.1333 0.1183 0.1187 0.0543 0.2276 1
0.1437 0.1497 0.1225 0.1216 0.0916 0.2155 0.1340 0.1515 0.1223 0.1556 1
0.0827 0.0927 0.0712 0.0546 0.1178 0.1495 0.0991 0.1220 0.1412 0.1672 1
0.0572 0.2013 0.1558 0.0794 0.2110 0.0404 0.1279 0.1272 0.0888 0.2624 1
0.1550 0.1943 0.0797 0.1411 0.1788 0.2608 0.0753 0.2182 0.1207 0.2569 1
0.1356 0.1891 0.1236 0.1368 0.2415 0.1725 0.1471 0.0644 0.1600 0.1479 1
0.1500 0.1389 0.1143 0.1741 0.1119 0.1658 0.0657 0.0659 0.1342 0.2532 1
0.0696 0.0603 0.1644 0.2016 0.1456 0.2449 0.0922 0.1811 0.1210 0.2374 1
0.1558 0.1926 0.1575 0.1838 0.1558 0.0886 0.0825 0.1861 0.1010 0.1671 1
0.0826 0.2496 0.2129 0.1686 0.1407 0.0878 0.1228 0.0720 0.1230 0.1839 1
0.0597 0.1181 0.1334 0.1359 0.1547 0.0932 0.1703 0.2079 0.1675 0.1884 1
0.0586 0.2338 0.0329 0.2156 0.1044 0.1311 0.1002 0.1238 0.1496 0.2270 1
0.0349 0.2338 0.1639 0.1613 0.1192 0.2277 0.1717 0.0675 0.1682 0.1832 1
0.0646 0.1692 0.0578 0.0420 0.1834 0.1365 0.1731 0.2125 0.1259 0.2087 1
0.0555 0.1921 0.1325 0.1387 0.1090 0.1033 0.1396 0.1089 0.0970 0.2195 1
0.1406 0.1591 0.1522 0.0735 0.1452 0.1815 0.1201 0.2375 0.0722 0.1391 1
0.1463 0.2058 0.1204 0.0700 0.0929 0.0937 0.1341 0.2159 0.1002 0.1391 1
0.0666 0.1323 0.1399 0.1245 0.1018 0.2091 0.1051 0.1694 0.1457 0.2488 1
0.1128 0.1113 0.1281 0.1454 0.1414 0.0795 0.1257 0.1490 0.1033 0.1885 1
0.0680 0.1926 0.0988 0.0960 0.2061 0.1267 0.0805 0.1855 0.1078 0.1280 1
0.0761 0.2263 0.2088 0.2079 0.1387 0.1380 0.1146 0.0983 0.1220 0.2624 1
0.2014 0.1369 0.0867 0.1446 0.1048 0.1424 0.1244 0.0991 0.0842 0.0710 1
0.1058 0.0988 0.1375 0.0991 0.1897 0.1428 0.1199 0.1603 0.1669 0.1622 1
0.1719 0.1629 0.0637 0.1738 0.1832 0.1439 0.1782 0.2628 0.0959 0.1722 1
0.0689 0.1964 0.1268 0.2471 0.1722 0.1788 0.0888 0.1431 0.0642 0.2013 1
0.0749 0.2150 0.1000 0.1636 0.1617 0.0825 0.1583 0.2269 0.1078 0.2111 1
0.1373 0.1276 0.0622 0.2445 0.1648 0.2415 0.1007 0.1577 0.1290 0.1180 1
0.1277 0.1740 0.1075 0.2082 0.1365 0.1477 0.1098 0.1914 0.0889 0.1995 1
0.1555 0.2381 0.1011 0.1145 0.1617 0.2256 0.1753 0.2046 0.1375 0.1223 1
0.1339 0.0403 0.1099 0.0991 0.1294 0.2243 0.2098 0.1407 0.1316 0.1962 1
0.1597 0.2011 0.1489 0.1494 0.2493 0.1277 0.1621 0.1201 0.1302 0.2418 1
0.0837 0.0247 0.1757 0.1423 0.1508 0.1668 0.1389 0.2295 0.1290 0.2115 1
0.1131 0.0901 0.1207 0.0616 0.1978 0.2240 0.1464 0.1274 0.0916 0.0369 1
0.1076 0.0518 0.0532 0.0934 0.1203 0.1297 0.1580 0.0882 0.1022 0.2171 1
0.1093 0.2008 0.0397 0.1243 0.1250 0.1889 0.1204 0.1760 0.1181 0.2028 1
0.1445 0 0.1315 0.2210 0.0879 0.2089 0.0880 0.1845 0.0817 0.1088 1
0.1176 0.1056 0.1654 0.0730 0.0960 0.1602 0.1474 0.1778 0.0493 0.1900 1
0.0448 0.0478 0.0739 0.1210 0.1489 0.2197 0.1554 0.2231 0.0899 0.1809 1
0.1296 0.2247 0.0934 0.1657 0.1737 0.2245 0.1488 0.1253 0.1830 0.2007 1
0.1378 0.1318 0.1650 0.1380 0.0553 0.1445 0.0922 0.1899 0.0769 0.2265 1
0.0625 0.2247 0.1874 0.1233 0.1365 0.2371 0.1468 0.2175 0.1119 0.1366 1
0.1242 0.2478 0.1443 0.1152 0.1458 0.1201 0.1233 0.1776 0.0794 0.2336 1
0.1047 0.1834 0.0720 0.1973 0.1667 0.2103 0.1002 0.1639 0.1707 0.2245 1
0.0580 0.1752 0.1394 0.1169 0.1779 0.1695 0.1173 0.1269 0.1724 0.1351 1
0.1128 0.1558 0.1829 0.1693 0.1637 0.1764 0.1401 0.1184 0.1311 0.1933 1
0.1462 0.2430 0.1289 0.1013 0.1566 0.2001 0.1083 0.1269 0.1191 0.1907 1
0.1042 0.2275 0.1998 0.0892 0.1953 0.1470 0.1586 0.1734 0.0997 0.2265 1
0.1279 0.1209 0.1606 0.1786 0.1549 0.2338 0.2038 0.1413 0.0625 0.2155 1
0.1242 0.2211 0.1277 0.1283 0.1882 0.2473 0.1207 0.2244 0.0753 0.1110 1
0.0928 0.2253 0.1113 0.1802 0.1161 0.2104 0.1343 0.2164 0.0837 0.1922 1
0.0732 0.2028 0.1672 0.1337 0.1128 0.1971 0.1570 0.2236 0.1127 0.1765 1
0.1641 0.1457 0.1094 0.2462 0.1258 0.1869 0.1590 0.1428 0.2103 0.0794 1
0.1401 0.1402 0.1703 0.0861 0.1429 0.1497 0.1480 0.1822 0.0551 0.2261 1
0.1167 0.1082 0.1681 0.2928 0.1211 0.2272 0.1089 0.1266 0.1132 0.1308 1
0.0743 0.0919 0.1361 0.0958 0.2023 0.1091 0.1297 0.1693 0.1115 0.2449 1
0.1477 0.0394 0.1199 0.0754 0.1359 0.1336 0.1124 0.1817 0.1287 0.2516 1
0.1674 0.1320 0.1340 0.2089 0.1768 0.2478 0.1167 0.1869 0.1038 0.1992 1
0.1820 0.1971 0.0878 0.1076 0.0904 0.1438 0.0733 0.1730 0.0649 0.1463 1
0.1029 0.1209 0.1523 0.0936 0.1893 0.1876 0.1244 0.0564 0.1507 0.1958 1
0.0689 0.1990 0.1146 0.1791 0.1690 0.1962 0.0921 0.1642 0.1632 0.1213 1
0.0650 0.1481 0.1675 0.0956 0.1277 0.1429 0.1051 0.1955 0.0857 0.1932 1
0.1158 0.1600 0.0588 0.1304 0.1398 0.2517 0.1927 0.1323 0.1497 0.1970 1
0.0623 0.0783 0.1461 0.1852 0.1565 0.1800 0.0698 0.1120 0.1188 0.1245 1
0.0983 0.1844 0.0556 0.1440 0.1236 0.1544 0.1063 0.1423 0.1934 0.2208 1
0.0745 0.1601 0.1691 0.1269 0.1306 0.1977 0.0966 0.1884 0.1393 0.2263 1
0.1183 0.1448 0.1495 0.1572 0.1281 0.1695 0.1039 0.0499 0.0782 0.2453 1
0.0942 0.1342 0.1220 0.2443 0.1660 0.0717 0.1308 0.1838 0.1220 0.1824 1
0.0643 0.0061 0.0695 0.1134 0.1916 0.1040 0.1895 0.1691 0.1201 0.2035 1
0.1224 0.1155 0.1223 0.1558 0.1604 0.1744 0.1286 0.2048 0.1174 0.1692 1
0.1118 0.1000 0.1388 0.1288 0.1343 0.2295 0.0373 0.1722 0.1560 0.1942 1
0.1643 0.1101 0.1214 0.1150 0.1289 0.1656 0.1261 0.1004 0.1525 0.1458 1
0.1670 0.2312 0.1455 0.1129 0.1780 0.1055 0.1326 0.1793 0.1278 0.0762 1
0.0977 0.2492 0.1019 0.1191 0.1198 0.1637 0.1526 0.1848 0.0917 0.1734 1
0.1140 0.2126 0.1550 0.0999 0.0972 0.2749 0.1449 0.2344 0.0883 0.1429 1
0.1856 0.1869 0.1277 0.0553 0.1540 0.2184 0.1257 0.2412 0.1513 0.2597 1
0.0739 0.2235 0.1681 0.0197 0.1608 0.1705 0.1061 0.0743 0.1182 0.2130 1
0.0845 0.2039 0.1365 0.0782 0.1205 0.2177 0.1167 0.1263 0.1174 0.1261 1
0.1762 0.1037 0.1915 0.1395 0.2079 0.2862 0.1348 0.1623 0.1412 0.1681 1
0.0441 0.0808 0.2098 0.1873 0.1443 0.0746 0.0703 0.1410 0.0755 0.1226 1
0.0700 0.1733 0.1351 0.0977 0.1110 0.1825 0.1476 0.1637 0.1164 0.1604 1
0.0798 0.1461 0.1664 0.1606 0.1107 0.1619 0.0475 0.1516 0.0430 0.2138 1
0.1085 0.1978 0.1329 0.1620 0.1488 0.1654 0.1830 0.1029 0.1760 0.2449 1
0.0992 0.1019 0.1116 0.1176 0.1399 0.2103 0.0630 0.1461 0.1192 0.1118 1
0.0869 0.1785 0.0637 0.0427 0.1123 0.1644 0.1192 0.1753 0.1665 0.1955 1
0.1523 0.1598 0.1899 0.1159 0.1406 0.1654 0.1310 0.1868 0.1699 0.2136 1
0.1506 0.1151 0.0969 0.1264 0.0995 0.2194 0.1029 0.1295 0.1413 0.1895 1
0.1189 0.1879 0.1205 0.0605 0.1758 0.2185 0.1689 0.1881 0.1678 0.1441 1
0.1033 0.0707 0.1432 0.2741 0.1571 0.1384 0.1389 0.0283 0.1606 0.2030 1
0.1573 0.1751 0.1239 0.1383 0.2084 0.1933 0.1283 0.1362 0.1061 0.1684 1
0.1113 0.1664 0.1484 0.2545 0.1352 0.2231 0.0933 0.2174 0.1170 0.0496 1
0.0869 0.1171 0.1155 0.1746 0.1322 0.2517 0.0785 0.0939 0.1108 0.1899 1
0.0652 0.1318 0.2061 0.1501 0.2266 0.1064 0.1687 0.1878 0.1212 0.1047 1
0.1499 0.1975 0.1380 0.1698 0.1696 0.0545 0.1503 0.1789 0.1431 0.0887 1
0.1137 0.1573 0.1505 0.1392 0.2065 0.1705 0.0562 0.1688 0.0988 0.1712 1
0.1152 0.2160 0.1609 0.1153 0.1463 0.0754 0.1041 0.1340 0.0827 0.1622 1
0.0869 0.1351 0.1717 0.0754 0.1681 0.1695 0.1193 0.1526 0.1143 0.0314 1
0.2044 0.1047 0.0964 0.1812 0.1009 0.2118 0.1583 0.2074 0.1358 0.1765 1
0.1031 0.1429 0.1351 0.0804 0.2028 0.2623 0.1368 0.1516 0.1463 0.1677 1
0.1148 0.2173 0.1278 0.1587 0.0831 0.1504 0.1391 0.1935 0.1253 0.1892 1
0.0512 0.0943 0.1101 0.0761 0.1275 0.2485 0.0885 0.2756 0.1757 0.2534 1
0.1291 0.1761 0.1417 0.2404 0.1503 0.1624 0.1610 0.0723 0.1648 0.0742 1
0.0784 0.2305 0.1437 0.1411 0.1315 0.1497 0.1155 0.1340 0.1318 0.2529 1
0.0908 0.1247 0.1161 0.0709 0.1655 0.1979 0.1929 0.1564 0.1811 0.2165 1
0.1076 0.2048 0.1676 0.1830 0.1283 0.1067 0.1454 0.1570 0.1228 0.2260 1
0.0783 0.1700 0.1698 0.1359 0.1216 0.1328 0.0893 0.0640 0.1185 0.1496 1
0.0828 0.0924 0.0754 0.1987 0.2065 0.2116 0.1622 0.1310 0.1074 0.1383 1
0.0770 0.1513 0.1433 0.1269 0.1676 0.0944 0.1627 0.1452 0.1183 0.3088 1
0.1005 0.1139 0.1595 0.1816 0.1967 0.2421 0.1581 0.1529 0.1078 0.1686 1
0.0287 0.2197 0.1406 0.1340 0.1801 0.1272 0.1542 0.1765 0.1096 0.0933 1
0.0814 0.1304 0.1200 0.2160 0.1378 0.2153 0.1385 0.0409 0.0953 0.1697 1
0.1355 0.1106 0.1464 0.1195 0.1590 0.2250 0.1395 0.2946 0.1574 0.1321 1
0.1183 0.1334 0.1570 0.1798 0.1781 0.1123 0.1111 0.0929 0.0928 0.1617 1
0.0845 0.1167 0.0835 0.1525 0.1150 0.1465 0.0817 0.1493 0.1300 0.1579 1
0.1439 0.1118 0.1038 0.2329 0.1282 0.1719 0.1373 0.1515 0.1236 0.1725 1
0.1438 0.1584 0.1541 0.1772 0.1816 0.1774 0.1849 0.1539 0.0892 0.1288 1
0.1250 0.1912 0.1484 0.1299 0.1699 0.0831 0.1045 0.1693 0.1435 0.1970 1
0.1624 0.2343 0.1273 0.1446 0.1899 0.2715 0.0867 0.2331 0.0691 0.1950 1
0.1720 0.1216 0.1145 0.1331 0.1837 0.1570 0.1062 0.1760 0.1388 0.2626 1
0.0491 0.1250 0.1450 0.0896 0.1159 0.1306 0.0910 0.1874 0.1015 0.2587 1
0.0646 0.1789 0.1444 0.1255 0.1322 0.1889 0.0763 0.1183 0.0996 0.1386 1
0.1117 0.1869 0.1911 0.1887 0.1100 0.1663 0.1247 0.1434 0.1050 0.1852 1
0.1102 0.1577 0.1461 0.1366 0.1523 0.2344 0.1591 0.1606 0.0743 0.1855 1
0.0954 0.2447 0.1980 0.1110 0.1360 0.2896 0.1346 0.0651 0.0902 0.1912 1
0.1577 0.0966 0.1465 0.2056 0.1807 0.0932 0.0651 0.0656 0.1207 0.1750 1
0.0928 0.2110 0.1627 0.0982 0.1522 0.1837 0.1124 0.1976 0.0768 0.2095 1
0.0892 0.1171 0.0834 0.0472 0.1452 0.1436 0.1715 0.1896 0.1523 0.1735 1
0.0465 0.0914 0.1663 0.0806 0.1684 0.2598 0.1240 0.1431 0.1407 0.2720 1
0.0931 0.2048 0.1028 0.2016 0.1396 0.1928 0.1366 0.1901 0.1096 0.2082 1
0.0272 0.1297 0.1097 0.0370 0.1447 0.0296 0.0308 0.1237 0.1193 0.1349 1
0.0790 0.2617 0.1152 0.0121 0.1297 0.1526 0.1173 0.1055 0.1257 0.2270 1
0.1476 0.1471 0.0903 0.1013 0.1752 0.0986 0.1682 0.1819 0.1000 0.1720 1
0.1043 0.1584 0.1515 0.1523 0.2319 0.2256 0.0678 0.1712 0.1051 0.1677 1
0.0751 0.1824 0.0530 0.0353 0.1849 0.2338 0.1746 0.0815 0.1182 0.0902 1
0.0761 0.0674 0.1598 0.1907 0.2120 0.1592 0.1662 0.0983 0.1550 0.1674 1
0.0668 0.1985 0.1209 0.1643 0.1489 0.1947 0.1201 0.1580 0.1574 0.0927 1
0.1526 0.1935 0.1354 0.2096 0.1146 0.2349 0.1837 0.1416 0.1278 0.2473 1
0.1202 0.2322 0.1229 0.1216 0.1164 0.2441 0.0858 0.2287 0.1176 0.1186 1
0.1190 0.2638 0.1147 0.0820 0.2438 0.1957 0.1934 0.1699 0.1128 0.1928 1
0.0729 0.2240 0.0762 0.2504 0.1583 0.1318 0.1364 0.2740 0.1234 0.1712 1
0.1113 0.1329 0.1601 0.2596 0.1159 0.2165 0.0802 0.0952 0.1294 0.1637 1
0.1895 0.1438 0.1043 0.1686 0.0562 0.1729 0.1186 0.2823 0.0506 0.0869 1
0.0585 0.1492 0.1998 0.1456 0.1212 0.1380 0.1775 0.1762 0.1632 0.1509 1
0.0988 0.1551 0.1456 0.1240 0.1679 0.2006 0.0309 0.1745 0.1204 0.1657 1
0.1041 0.2178 0.0993 0.0626 0.1563 0.1431 0.1332 0.1902 0.1000 0.2211 1
0.0992 0.0394 0 0.1534 0.1619 0.1385 0.1168 0.2028 0.1229 0.0749 1
0.1060 0.1843 0.1490 0.1280 0.1508 0.1304 0.1224 0.2363 0.1334 0.1263 1
0.1106 0.2796 0.1129 0.2101 0.1378 0.2309 0.1250 0.0484 0.0882 0.2290 1
0.1363 0.2345 0.1360 0.0960 0.1597 0.0991 0.0643 0.2255 0.0849 0.1233 1
0.1113 0.1771 0.0909 0.1861 0.1523 0.1512 0.1135 0.1264 0.1771 0.1824 1
0.1512 0.1850 0.0928 0.1589 0.1029 0.2016 0.1689 0.0962 0.1324 0.2032 1
0.1003 0.1393 0.1332 0.1532 0.1767 0.2541 0.1015 0.1941 0.1293 0.2344 1
0.1548 0.1976 0.1726 0.2582 0.1262 0.2788 0.1439 0.1241 0.1150 0.1308 1
0.0889 0.1184 0.1431 0.0775 0.0687 0.1620 0.0849 0.2192 0.1140 0.1195 1
0.1396 0.1928 0.0776 0.1221 0.1185 0.2541 0.1338 0.2395 0.1355 0.2153 1
0.1301 0.1469 0.0887 0.1804 0.2259 0.1450 0.0825 0.1650 0.1447 0.1055 1
0.1275 0.1853 0.1106 0.0996 0.1951 0.1720 0.0744 0.1277 0.1152 0.2215 1
0.1147 0.1818 0.1578 0.1772 0.1636 0.1631 0.1018 0.2244 0.1128 0.1750 1
0.0340 0.1954 0.1402 0.2115 0.1573 0.1637 0.0904 0.0901 0.0877 0.2496 1
0.1604 0.1961 0.0982 0.1546 0.1259 0.1769 0.0892 0.1057 0.1664 0.1727 1
0.0379 0.0811 0.1579 0.0799 0.1648 0.1615 0.0976 0.2267 0.0303 0.2163 1
0.1165 0.1190 0.1009 0.1871 0.1134 0.2016 0.1807 0.1132 0.1020 0.0631 1
0.1108 0.1528 0.1020 0.0412 0.0686 0.2001 0.1512 0.1642 0.1065 0.1634 1
0.0939 0.1099 0.1349 0.1392 0.1835 0.1636 0.1485 0.2022 0.1278 0.1727 1
0.1237 0.1290 0.1618 0.0823 0.0972 0.2260 0.1388 0.2009 0.1282 0.2329 1
0.0292 0.2228 0.1514 0.1494 0.1492 0.1499 0.1990 0.1153 0.1326 0.1644 1
0.0739 0.2009 0.1738 0.1302 0.1196 0.1546 0.0733 0.2018 0.0678 0.1877 1
0.0731 0.1304 0.1215 0.2158 0.2308 0.1485 0.0780 0.1559 0.0698 0.1604 1
0.0996 0.1329 0.0762 0.1643 0.1614 0.1795 0.1103 0.1163 0.1163 0.1725 1
0.1549 0.1605 0.0618 0.1141 0.1438 0.2796 0.1016 0.1886 0.1121 0.2002 1
0.0676 0.1610 0.0799 0.0980 0.1138 0.1548 0.1504 0.1197 0.1319 0.1319 1
0.1077 0.2430 0.2085 0.2123 0.1952 0.1730 0.1128 0.1721 0.1233 0.1637 1
0.0591 0.1587 0.1582 0.1940 0.1303 0.2206 0.1256 0.1608 0.1353 0.2168 1
0.1468 0.1021 0.1604 0.1918 0.1465 0.2461 0.1633 0.2249 0.1232 0.1824 1
0.0954 0.1945 0.1004 0.1840 0.1440 0.2072 0.0972 0.2022 0.0816 0.2591 1
0.0855 0.1084 0.1214 0.0998 0.1838 0.2084 0.1288 0.1899 0.1030 0.1374 1
0.1132 0.1134 0.1125 0.1797 0.1633 0.2206 0.2093 0.1925 0.1447 0.2534 1
0.1730 0.2600 0.1301 0.1520 0.1256 0.1394 0.2326 0.2185 0.1361 0.1524 1
0.0988 0.1985 0.1407 0.1266 0.1735 0.1872 0.1775 0.1513 0.0956 0.2351 1
0.1165 0.1402 0.1383 0.0744 0.1004 0.2216 0.1200 0.1302 0.1024 0.1095 1
0.1307 0.1169 0.1095 0.0147 0.1656 0.2404 0.1875 0.1449 0.1139 0.1444 1
0.1079 0.0585 0.0320 0 0.1579 0.1896 0.1200 0.2213 0.1626 0.0917 1
0.0668 0.1782 0.0997 0.1231 0.1046 0.1862 0.1206 0.2102 0.0586 0.1507 1
0.1933 0.1671 0.0961 0.0750 0.2042 0.1284 0.1157 0.1341 0.1365 0.1782 1
0.0983 0.1025 0.1639 0.1178 0.0894 0.1152 0.1496 0.1415 0.1306 0.1955 1
0.0544 0.1230 0.1108 0.0647 0.1765 0.2870 0.0902 0.1290 0.0016 0.2048 1
0.1329 0.1711 0.1207 0.0967 0.1262 0.0276 0.1079 0.1333 0.0946 0.2253 1
0.1303 0.1732 0.1801 0.1497 0.1040 0.2529 0.0461 0.1266 0.0926 0.1705 1
0.0920 0.0957 0.0885 0.0291 0.2153 0.1375 0.1771 0.1353 0.0883 0.1366 1
0.1489 0.2159 0.1437 0.2779 0.0514 0.2023 0.1656 0.1654 0.0817 0.1381 1
0.0655 0.1546 0.2110 0.0629 0.1703 0.2192 0.1402 0.1472 0.0640 0.2275 1
0.1112 0.1058 0.1012 0.1155 0.1658 0.2141 0.1361 0.1933 0.1427 0.1619 1
0.1226 0.1304 0.0978 0.0493 0.1099 0.1140 0.1226 0.1446 0.1394 0.1654 1
0.1172 0.0804 0.1098 0.1741 0.1854 0.2850 0.1381 0.1390 0.0559 0.2691 1
0.0733 0.1197 0.0742 0.2035 0.1674 0.1580 0.1338 0.0507 0.1389 0.2501 1
0.0902 0.1634 0.1383 0.2260 0.1369 0.1864 0.1024 0.0904 0.0490 0.1136 1
0.1439 0.1011 0.1153 0.1271 0.1720 0.2059 0.1482 0.1765 0.1349 0.1072 1
0.1054 0.1940 0.1144 0.1178 0.2343 0.1289 0.1386 0.2043 0.0809 0.1012 1
0.1140 0.2018 0.1412 0.0827 0.0786 0.1927 0.0885 0.1317 0.0870 0.1671 1
0.0530 0.1283 0.1357 0.1231 0.1726 0.2698 0.0933 0.1233 0.1048 0.1468 1
0.1157 0.2954 0.0942 0.2200 0.1690 0.2517 0.1022 0.1145 0.1308 0.1769 1
0.0906 0.1697 0.1418 0.2262 0.1641 0.1456 0.1201 0.1268 0.0433 0.2557 1
0.0895 0.1766 0.0891 0.2308 0.0794 0.1331 0.1666 0.2385 0.1284 0.2454 1
0.0844 0.1660 0.1807 0.1864 0.1671 0.2329 0.0826 0.0837 0.1568 0.2359 1
0.0588 0.1620 0.1230 0.1520 0.1297 0.2674 0.0624 0.1519 0.1065 0.2641 1
0.1043 0.1678 0.1393 0.2122 0.1400 0.2806 0.0549 0.2213 0.1299 0.0923 1
0.1446 0.2421 0.0729 0.0982 0.1046 0.1942 0.1154 0.1627 0.1884 0.1557 1
0.0687 0.0931 0.1674 0.0856 0.1991 0.2552 0.2196 0.2934 0.1579 0.1759 1
0.0961 0.1111 0.1614 0.0595 0.1684 0.2339 0.1398 0.1233 0.0794 0.1646 1
0.0410 0.0910 0.0884 0.2068 0.1585 0.2417 0.0728 0.1537 0.1037 0.1882 1
0.0418 0.1551 0.0942 0.0910 0.1131 0.2436 0.1602 0.2489 0.1313 0.1937 1
0.0751 0.2532 0.1787 0.1150 0.1302 0.1548 0.0911 0.0250 0.1257 0.1790 1
0.1334 0.1046 0.1318 0.1140 0.1051 0.1647 0.1212 0.0715 0.1189 0.1641 1
0.0550 0.1530 0.1158 0.1847 0.2127 0.1270 0.1052 0.2202 0.1289 0.1945 1
0.0957 0.1681 0.1393 0.1669 0.1297 0.2333 0.1221 0.2025 0.0624 0.1759 1
0.0674 0.1341 0.0945 0.2032 0.1354 0.1683 0.1186 0.1640 0.1007 0.2160 1
0.0542 0.0601 0.1076 0.1164 0.1424 0.0825 0.0605 0.2082 0.0732 0.1561 1
0.0924 0.0643 0.0643 0.2148 0.2002 0.1062 0.0949 0.0707 0.0949 0.0908 1
0.1269 0.0750 0.1414 0.1574 0.1144 0.1426 0.0955 0.1506 0.1200 0.0802 1
0.0937 0.0757 0.1115 0.1031 0.1863 0.1507 0.1401 0.1456 0.1499 0.1686 1
0.0952 0.1676 0.1504 0.2338 0.1220 0.2096 0.1230 0.1816 0.1050 0.2003 1
0.1212 0.1929 0.1457 0.1639 0.1650 0.1446 0.1615 0.0620 0.0997 0.1889 1
0.0774 0.1791 0.1002 0.0837 0 0.3522 0.1195 0.1696 0.1409 0.2358 1
0.1135 0.2376 0.1142 0.1897 0.1814 0.1299 0.0911 0.1570 0.0966 0.1371 1
0.2025 0.1297 0.1479 0.0818 0.1600 0.1663 0.1696 0.1469 0.1147 0.1790 1
0.0909 0.1758 0.0587 0.1589 0.1790 0.2109 0.1715 0.1526 0.1180 0.1963 1
0.1341 0.1780 0.1177 0.2374 0.1633 0.1673 0.1522 0.0561 0.1075 0.1599 1
0.1561 0.1221 0.0989 0.0858 0.1765 0.1367 0.0982 0.1992 0.0654 0.1744 1
0.1332 0.1824 0.1358 0.1278 0.1048 0.1708 0.0886 0.1356 0.0896 0.1486 1
0.0690 0.0948 0.1397 0.1470 0.1567 0.1487 0.0892 0.2202 0.0667 0.1810 1
0.0842 0.2209 0.1397 0.1371 0.1878 0.0342 0.1041 0 0.1290 0.1557 1
0.1053 0.1282 0.1408 0.1919 0.1433 0.1583 0.1959 0.1685 0.1220 0.2148 1
0.0960 0.0420 0.1114 0.1812 0.2108 0.1448 0.1406 0.1315 0.1425 0.0913 1
0.0809 0.0679 0.1645 0.1063 0.1357 0.2353 0.1722 0.1969 0.2004 0.0948 1
0.1257 0.1408 0.0909 0.1155 0.1404 0.1510 0.1080 0.1102 0.0861 0.1982 1
0.0676 0.1212 0.0789 0.1351 0.0895 0.0759 0.1773 0.2354 0.0864 0.1795 1
0.0680 0.1125 0.1273 0.0493 0.0910 0.1345 0.2222 0.0942 0.2112 0.1849 1
0.1716 0.1190 0.1529 0.1216 0.1756 0.1421 0.1145 0.0496 0.1077 0.2344 1
0.0726 0.1362 0.1248 0.1510 0.1608 0.1028 0.1279 0.1014 0.1187 0.1421 1
0.0680 0.0780 0.1130 0.0813 0.1477 0.1724 0.1010 0.1295 0.1151 0.1453 1
0.1042 0.1257 0.1181 0.1340 0.1442 0.1556 0.1497 0.2044 0.1006 0.2511 1
0.1575 0.0698 0.1268 0.2167 0.1547 0.2228 0.2144 0.1330 0.1074 0.0867 1
0.0761 0.0914 0.1262 0.1190 0.2143 0.1768 0.0789 0.1762 0.0818 0.2511 1
0.0546 0.1822 0.1560 0.0833 0.2076 0.1585 0.0869 0.1338 0.0912 0.2333 1
0.1698 0.1554 0.1878 0.1442 0.1754 0.2172 0.0544 0.2184 0.1251 0.1709 1
0.1185 0.1900 0.1046 0.1174 0.1133 0.0357 0.1241 0.2166 0.1251 0.1421 1
0.1544 0.1202 0.1334 0.1266 0.1442 0.1607 0.1384 0.0545 0.1350 0.1857 1
0.1742 0.1151 0.1585 0.1114 0.1216 0.2678 0.0975 0.1335 0.0227 0.2156 1
0.0954 0.1808 0.1265 0.1568 0.1803 0.1850 0.0891 0.2166 0.1236 0.2280 1
0.1117 0.0886 0.1255 0.0588 0.1958 0.1223 0.1276 0.1299 0.0892 0.1547 1
0.0970 0.0559 0.1356 0.1070 0.1517 0.1932 0.0988 0.1508 0.0882 0.2205 1
0.1068 0.0448 0.1499 0.1861 0.1214 0.2040 0.1915 0.1637 0.1085 0.1025 1
0.0564 0.2301 0.1193 0.2227 0.0972 0.1509 0.0879 0.1557 0.1581 0.2082 1
0.0392 0.1181 0.2109 0.2570 0.1473 0.2145 0.1018 0.2215 0.1867 0.2235 1
0.0804 0.1141 0.1520 0.1632 0.1737 0.1367 0.1617 0.2007 0.0835 0.1800 1
0.0983 0.1150 0.1868 0.1058 0.1477 0.1828 0.0939 0.2079 0.1140 0.2281 1
0.1014 0.1725 0.0853 0.1129 0.1540 0.1962 0.1104 0.1132 0.1158 0.2141 1
0.0338 0.2002 0.1116 0.1067 0.1758 0.2322 0.1878 0.1554 0.2617 0.2421 1
0.1273 0.1669 0.1828 0.1252 0.1021 0.1030 0.1617 0.2275 0.1566 0.1348 1
0.1481 0.1044 0.1560 0.0723 0.1446 0.2283 0.1140 0.2038 0.0833 0.2236 1
0.0906 0.1591 0.0663 0.1093 0.1330 0.1991 0.1195 0.1374 0.1760 0.1346 1
0.0721 0.1237 0.1063 0.2141 0.0608 0.2262 0.0736 0.1999 0.1328 0.2123 1
0.0559 0.1634 0.0950 0.1461 0.1783 0.1409 0.1487 0.1219 0.1203 0.2298 1
0.1109 0.1301 0.1523 0.1881 0.1277 0.1724 0.1079 0.1447 0.1903 0.2058 1
0.1292 0.1747 0.1308 0.1712 0.1261 0.2669 0.0850 0.1343 0.0471 0.2539 1
0.0413 0.1059 0.1063 0.2333 0.1364 0.2431 0.1660 0.2110 0.1993 0.1198 1
0.0837 0.1243 0.1002 0.0533 0.1542 0.2454 0.0907 0.1719 0.0934 0.2020 1
0.1004 0.1685 0.1539 0.2163 0.0722 0.1423 0.1084 0.1026 0.0710 0.2386 1
0.0855 0.1853 0.1433 0.2315 0.1112 0.1135 0.1604 0.1712 0.1286 0.1451 1
0.1091 0.2074 0.1242 0.1522 0.1196 0.1494 0.1528 0.1783 0.0234 0.1250 1
0.1933 0.0919 0.1441 0.1378 0.1106 0.1857 0.1341 0.2151 0.1153 0.1328 1
0.1103 0.1733 0.0269 0.0908 0.1640 0.0995 0.1834 0.2471 0.1499 0.1233 1
0.1104 0.1966 0.1397 0.1506 0.1893 0.1908 0.1558 0.1088 0.1610 0.1644 1
0.0761 0.1320 0.1935 0.0292 0.1547 0.1702 0.0730 0.1192 0.1145 0.0166 1
0.0944 0.1773 0.1786 0.2134 0.1977 0.2101 0.1042 0.1955 0.1107 0.1571 1
0.1214 0.1836 0.1311 0.1940 0.2171 0.0724 0.1916 0.1722 0.1350 0.1902 1
0.0930 0.1860 0.1371 0.0906 0.1813 0.1225 0.1245 0.1562 0.1234 0.1514 1
0.1548 0.0940 0.1733 0.1484 0.1784 0.1646 0.1109 0.2658 0.1373 0.1499 1
0.1197 0.2727 0.1082 0.1437 0.1536 0.1644 0.1154 0.1551 0.0911 0.1978 1
0.0465 0.1697 0.1075 0.2156 0.1698 0.1878 0.1197 0.0916 0.1680 0.2156 1
0.1033 0.1655 0.1791 0.1883 0.1691 0.2052 0.1203 0.2372 0.1275 0.1135 1
0.1351 0.0097 0.0706 0.0740 0.1501 0.1759 0.1319 0.3157 0.0910 0.1884 1
0.0811 0.1551 0.1280 0.1942 0.1493 0.1216 0.1343 0.1107 0.1037 0.2027 1
0.0959 0.0702 0.0628 0.2075 0.1364 0.2180 0.1126 0.1557 0.1028 0.1952 1
0.0520 0.1014 0.0309 0.1048 0.1682 0.1553 0.1430 0.0954 0.0805 0.2225 1
0.0976 0.1497 0.1515 0.2734 0.1065 0.1774 0.1030 0.2300 0.1414 0.1058 1
0.1536 0.2381 0.1715 0.1164 0.0980 0.1196 0.1421 0.1227 0.1356 0.2010 1
0.0955 0.2039 0.0737 0.1800 0.2041 0.2901 0.1077 0.1639 0.1652 0.1210 1
0.1344 0.1801 0.1281 0.1240 0.1598 0.1419 0.1882 0.1770 0.1346 0.1958 1
0.0994 0.1299 0.1284 0.1625 0.1943 0.1883 0.1187 0.2159 0.1393 0.2050 1
0.1214 0.1412 0.0955 0.2960 0.1570 0.1866 0.1848 0.2465 0.1632 0.1198 1
0.0428 0.1969 0.0937 0.0944 0.1734 0.2260 0.1240 0.1551 0.1560 0.1943 1
0.1865 0.1707 0.1324 0.1613 0.1824 0.1191 0.1002 0.1292 0.1257 0.0933 1
0.1536 0.1756 0.1864 0.0794 0.1154 0.1160 0.1354 0.1510 0.0536 0.2015 1
0.1208 0.1987 0.1489 0.1193 0.1034 0.1291 0.1171 0.0978 0.1300 0.2280 1
0.1754 0.1490 0.1957 0.1019 0.1637 0.1778 0.1804 0.1869 0.0974 0.1717 1
0.0765 0.1506 0.1686 0.2367 0.1247 0.2043 0.2221 0.1456 0.1113 0.1659 1
0.1142 0.0948 0.1347 0.1719 0.1785 0.2784 0.1814 0.1479 0.1523 0.1037 1
0.1754 0.1323 0.1255 0.1895 0.1713 0.1702 0.1199 0.2112 0.1453 0.1651 1
0.0776 0.1285 0.1180 0.0794 0.1267 0.2453 0.1117 0.1793 0.1385 0.2180 1
0.1284 0.1633 0.1395 0.0676 0.1151 0.1859 0.1556 0.1274 0.1491 0.2379 1
0.1145 0.1058 0.1019 0.2376 0.1634 0.2207 0.1759 0.1011 0.1445 0.1393 1
0.1242 0.1766 0.0691 0.0872 0.1791 0.2099 0.1727 0.1760 0.1067 0.1121 1
0.1215 0.0891 0.1486 0.0308 0.1541 0.2150 0.1653 0.0958 0.0811 0.2196 1
0.0783 0.1886 0.1177 0.1734 0.1485 0.1401 0.1149 0.1673 0.0968 0.1519 1
0.1577 0.1323 0.1173 0.2317 0.1665 0.2016 0.1455 0.1328 0.1511 0.1088 1
0.0445 0.0934 0.1100 0.1854 0.1283 0.1610 0.0893 0.2138 0.0572 0.1602 1
0.1389 0.1264 0.1451 0.1854 0.0882 0.0727 0.1077 0.2867 0.1323 0.2308 1
0.0517 0.2096 0.1555 0.1330 0.1878 0.1477 0.1806 0.1307 0.1036 0.1827 1
0.0746 0.1770 0.1577 0.1959 0.1697 0.0646 0.1652 0.1631 0.1548 0.1151 1
0.1007 0.2077 0.1680 0.2165 0.1035 0.0910 0.0762 0.1706 0.0885 0.1446 1
0.1302 0.0643 0.0932 0.1843 0.1364 0.1226 0.1705 0.2262 0.0727 0.1955 1
0.0954 0.1469 0.0706 0.1662 0.0910 0.2522 0.0960 0.2180 0.1486 0.0907 1
0.0533 0.1662 0.1364 0.1141 0.1834 0.1856 0.1286 0.0633 0.0771 0.1576 1
0.1022 0.0926 0.1334 0.1160 0.2476 0.2113 0.1879 0.1027 0.1251 0.1602 1
0.0236 0.1636 0.1245 0.1767 0.0985 0.2196 0.1828 0.1384 0.0806 0.2203 1
0.1151 0.1865 0.1655 0.1084 0.2010 0.2399 0.1305 0.1555 0.1407 0.2419 1
0.1603 0.1712 0.1509 0.1594 0.1838 0.1800 0.1766 0.0023 0.1467 0.2116 1
0.0351 0.1186 0.1294 0.1638 0.1090 0.1834 0.1429 0.1397 0.1197 0.2356 1
0.0860 0.1912 0.0939 0.1304 0.1454 0.1746 0.1057 0.1518 0.1384 0.1552 1
0.0336 0.1678 0.1571 0.0628 0.0900 0.1994 0.1162 0.2584 0.0881 0.1616 1
0.0877 0.2204 0.1695 0.1999 0.1606 0.1196 0.1044 0.1447 0.1014 0.1328 1
0.1159 0.1612 0.1849 0.2359 0.1331 0.1470 0.1558 0.2398 0.0622 0.1705 1
0.0436 0.1725 0.1442 0.1804 0.1948 0.1915 0.1264 0.2808 0.1241 0.2158 1
0.1031 0.0844 0.1549 0.2141 0.1134 0.1575 0.1303 0.1003 0.1502 0.2644 1
0.0749 0.1905 0.1085 0.0609 0.1606 0.1849 0.0654 0.2774 0.0660 0.2113 1
0.1047 0.1844 0.1114 0.1525 0.1508 0.1563 0 0.1300 0.2045 0.1894 1
0.1102 0.1006 0.1719 0.1024 0.0764 0.1380 0.0831 0.1385 0.1807 0.1354 1
0.1035 0.1549 0.0427 0.0228 0.1559 0.1475 0.0681 0.1547 0.1251 0.1324 1
0.0381 0.1683 0.1127 0.0624 0.1562 0.2016 0.0860 0.1652 0.1000 0.3003 1
0.0965 0.2081 0.1143 0.0683 0.0923 0.1512 0.1640 0.0918 0.0735 0.1902 1
0.1285 0.1264 0.1719 0.1494 0.1748 0.1363 0.1942 0.2022 0.1721 0.1384 1
0.0765 0.1172 0.1414 0.0814 0.0958 0.1404 0.0680 0.1711 0.1165 0.1396 1
0.1377 0.1019 0.0933 0.1565 0.1126 0.2026 0.1214 0.1508 0.1575 0.1017 1
0.0640 0.2242 0.1780 0.1366 0.1378 0.2392 0.1330 0.1948 0.1221 0.1230 1
0.1482 0.1888 0.0800 0.1157 0.1936 0.2786 0.1608 0.1652 0.1227 0.1599 1
0.0709 0.0392 0.1215 0.2416 0.1762 0.1177 0.0624 0.1212 0.1001 0.1671 1
0.1334 0.1155 0.0880 0.1451 0.1129 0.2211 0.1834 0.1778 0.0687 0.1547 1
0.1139 0.1530 0.1414 0.0904 0.0563 0.1258 0.1144 0.0494 0.0801 0.1230 1
0.1566 0.1259 0.0423 0.0595 0.1793 0.2236 0.1306 0.2334 0.1713 0.1180 1
0.1279 0.1657 0.1026 0.0479 0.2014 0.1779 0.0919 0.1405 0.0718 0.1288 1
0.1559 0.0514 0.1531 0.0891 0.2049 0.1284 0.1217 0.2048 0.1517 0.0973 1
0.0583 0.1264 0.0873 0.0844 0.1713 0.1955 0.0842 0.1308 0.0572 0.1481 1
0.1120 0.2850 0.1113 0.0695 0.1298 0.2549 0.1292 0.0870 0.0582 0.1614 1
0.1430 0.2001 0.1224 0.0638 0.2193 0.2097 0.1345 0.1011 0.1240 0.2072 1
0.1201 0.1356 0.1345 0.1534 0.1561 0.0480 0.1421 0.2540 0.1521 0.2190 1
0.0919 0.1980 0.1523 0.0661 0.1970 0.0983 0.0995 0.0877 0.1733 0.2519 1
0.1064 0.1933 0.0728 0.2162 0.2325 0.1666 0.0660 0.2475 0.0869 0.1471 1
0.0795 0.2065 0.1260 0.0683 0.1564 0.2715 0.0693 0.1472 0.0919 0.1644 1
0.1335 0.1473 0.1296 0.1191 0.1329 0.1269 0.1052 0.1640 0.0571 0.2952 1
0.1027 0.1424 0.1315 0.1641 0.1670 0.2231 0.1948 0.0478 0.0735 0.1845 1
0.0970 0.2115 0.0879 0.1667 0.0641 0.1483 0.2098 0.0952 0.1103 0.1654 1
0.0706 0.1009 0.1392 0.0731 0.1165 0.1916 0.1432 0.0870 0.0879 0 1
0.0910 0.1601 0.0962 0.2288 0.1064 0.1587 0.1638 0.1186 0.1121 0.1529 1
0.0402 0.2157 0.0990 0.1157 0.1497 0.1487 0.1457 0.1533 0.0584 0.1832 1
0.1366 0.1586 0.1838 0.1293 0.1511 0.1918 0.0570 0.2172 0.1169 0.1903 1
0.1329 0.2055 0.0748 0.1093 0.1463 0.2165 0.1065 0.1572 0.1556 0.1616 1
0.1483 0.1850 0.1110 0.2099 0.1528 0.2052 0.1326 0.1413 0.1032 0.1499 1
0.1373 0.0766 0.1074 0.1537 0.1383 0.2011 0.1405 0.0460 0.1686 0.1641 1
0.1939 0.1113 0.0539 0.1600 0.1503 0.3129 0.2100 0.1097 0.0905 0.1960 1
0 0.1573 0.1350 0.1138 0.1768 0.3011 0.1515 0.1744 0.0654 0.2371 1
0.0809 0.1898 0.1740 0.1883 0.1652 0.1751 0.1642 0.1762 0.1248 0.1228 1
0.1115 0.0835 0.1607 0.1534 0.1604 0.1739 0.0917 0.1096 0.1236 0.1336 1
0.1139 0.2690 0.1126 0.0979 0.2048 0.2141 0.1344 0.1179 0.0846 0.1456 1
0.1556 0.1591 0.1710 0.1532 0.0996 0.1560 0.1433 0.1788 0.1789 0.2236 1
0.1785 0.1111 0.0921 0.1133 0.1554 0.2370 0.1461 0.0759 0.1050 0.0206 1
0.0638 0.2628 0.1185 0.1613 0.1485 0.1517 0.1282 0.0743 0.1456 0.1844 1
0.1477 0.1179 0.1116 0.1354 0.1908 0.3060 0.0836 0.0831 0.1542 0.2498 1
0.1007 0.1714 0.1177 0.2028 0.1515 0.2260 0.0966 0.1768 0.1305 0.1499 1
0.1022 0.1563 0.0729 0.1591 0.1259 0.2415 0.1111 0.1250 0.1350 0.2820 1
0.0949 0.1893 0.0942 0.1823 0.1718 0.1157 0.0920 0.2133 0.0837 0.2030 1
0.1162 0.1424 0.0993 0.1753 0.1315 0.0874 0.0959 0.1289 0.1264 0.2223 1
0.0733 0.1223 0.0975 0.2193 0.1004 0.1512 0.1344 0.1775 0.1833 0.2785 1
0.0815 0.0816 0.1369 0.1548 0.1485 0.1801 0.0942 0.1444 0.0323 0.3025 1
0.1340 0.1947 0.1163 0.1383 0.1663 0.0913 0.2190 0.1899 0.1218 0.1496 1
0.0814 0.1224 0.1176 0.2016 0.1544 0.1742 0.1364 0.1799 0.0711 0.1792 1
0.0781 0.1704 0.1222 0.0163 0.0989 0.2921 0.1343 0.2306 0.1185 0.1446 1
0.1252 0.2350 0.1887 0.2196 0.1487 0.1105 0.1035 0.1395 0.1609 0.1506 1
0.1044 0.1527 0.1201 0.1816 0.1512 0.1478 0.1702 0.3085 0.1002 0.2238 1
0.1318 0.1742 0.1780 0.1072 0.0446 0.1950 0.2088 0.0815 0.0613 0.1686 1
0.2152 0.1940 0.1385 0.1868 0.1142 0.1138 0.1758 0.2105 0.1931 0.1507 1
0.0927 0.0512 0.0714 0.1620 0.1508 0.0151 0.1422 0.1822 0.0554 0.1458 1
0.1360 0.0745 0.1271 0.1326 0.1946 0.1891 0.0792 0.1196 0.1894 0.1023 1
0.1605 0.1341 0.1034 0.2642 0.1300 0.1494 0.1154 0.1269 0.1135 0.1629 1
0.0963 0.0490 0.0935 0.1281 0.1150 0.1255 0.1380 0.0950 0.1320 0.1486 1
0.0711 0.1636 0.0928 0.1446 0.1532 0.1852 0.1448 0.1138 0.1343 0.1185 1
0.0585 0.1049 0.1669 0.1501 0.1254 0.1937 0.1322 0.1632 0.1474 0.1293 1
0.1908 0.1737 0.1677 0.1428 0.1775 0.1373 0.0913 0.0584 0.0980 0.1872 1
0.0458 0.1169 0.1596 0.1197 0.1622 0.1536 0.1449 0.1272 0.1152 0.2689 1
0.0842 0.0815 0.1527 0.1110 0.2045 0.2096 0.1522 0.0877 0.1066 0.2313 1
0.0828 0.1950 0.1822 0.0930 0.1676 0.2287 0.1352 0.1616 0.1365 0.2331 1
0.1355 0.0931 0.1312 0.1497 0.1791 0.1615 0.1086 0.1196 0.0424 0.1800 1
0.1096 0.0629 0.1239 0.1489 0.1550 0.1752 0.1385 0.1722 0.1435 0.1942 1
0.0946 0.1593 0.0850 0.1945 0.1322 0.1947 0.1867 0.1645 0.1347 0.1642 1
0.1162 0.0483 0.1378 0.0949 0.1261 0.1834 0.1288 0.0515 0.0988 0.1571 1
0.1246 0.1657 0.1016 0.1845 0.1625 0.2532 0.1717 0.1953 0.0716 0.2714 1
0.0563 0.1441 0.1217 0.2013 0.1666 0.1989 0.1571 0.1832 0.1171 0.1857 1
0.1366 0.2503 0.1633 0.0482 0.1548 0.1138 0.1398 0.1922 0.1311 0.1444 1
0.1525 0.2192 0.2022 0.1667 0.1075 0.2197 0.0997 0.1567 0.0644 0.1830 1
0.0729 0.1917 0.1632 0.1219 0.1347 0.0717 0.1076 0.1071 0.1027 0.2483 1
0.1476 0.0007 0.0783 0.1427 0.1096 0.2399 0.1260 0.1364 0.1060 0.1955 1
0.0957 0.1883 0.0964 0.1331 0.1312 0.0873 0.1093 0.2617 0.1426 0.1953 1
0.0971 0.1177 0.1089 0.1944 0.1098 0.2346 0.0975 0.1963 0.1943 0.1018 1
0.0709 0.2063 0.1479 0.1938 0.1275 0.2899 0.1278 0.1969 0.1043 0.1809 1
0.0358 0.1384 0.0850 0.1914 0.1571 0.2199 0.0708 0.1362 0.1102 0.1809 1
0.0622 0.2280 0.1270 0.1451 0.0831 0.1651 0.0712 0.1075 0.1159 0.1559 1
0.1241 0.1966 0.1364 0.1812 0.1441 0.1632 0.1147 0.1744 0.1340 0.1872 1
0.0491 0.2727 0.1856 0.1136 0.1533 0.1615 0.1090 0.1840 0.1015 0.2486 1
0.0935 0.2048 0.0773 0.1326 0.1860 0.2190 0.0972 0.1394 0.1066 0.1198 1
0.1654 0.1679 0.0549 0.0514 0.1518 0.0885 0.0884 0.1443 0.1455 0.2145 1
0.1037 0.2708 0.2061 0.0562 0.0937 0.0959 0.1278 0.1127 0.1353 0.2195 1
0.1183 0.1681 0.1524 0.2490 0.1793 0.1409 0.1213 0.1704 0.1373 0.1574 1
0.0709 0.0523 0.1156 0.0477 0.1709 0.0797 0.1480 0.1359 0.1179 0.1978 1
0.1369 0.1655 0.1043 0.2378 0.1290 0.0293 0.1601 0.1286 0.0980 0.1977 1
0.1517 0.2390 0.0542 0.1193 0.1557 0.1431 0.1456 0.1135 0.1937 0.1802 1
0.1438 0.1381 0.1174 0.1836 0.1448 0.1620 0.1764 0.2162 0.1346 0.1136 1
0.0949 0.1247 0.0701 0.2072 0.1643 0.2241 0.1308 0.1222 0.1473 0.1451 1
0.0801 0.1382 0.0818 0.1181 0.1602 0.2405 0.1202 0.1928 0.0795 0.2073 1
0.0765 0.2173 0.1346 0.0910 0.1696 0.2119 0.1758 0.1894 0.0926 0.1607 1
0.1104 0.1765 0.1771 0.0524 0.1471 0.1133 0.1476 0.1626 0.0925 0.2270 1
0.0746 0.1796 0.0986 0.1655 0.1625 0.2087 0.1474 0.1654 0.1445 0.2309 1
0.8785 0.8293 0.8630 0.8504 0.9160 0.7857 0.8652 0.7834 0.8527 0.8426 2
0.8716 0.8480 0.8087 0.8679 0.8661 0.8151 0.8703 0.8710 0.8418 0.7900 2
0.9175 0.8791 0.8742 0.8255 0.8528 0.8796 0.9238 0.8273 0.9324 0.7874 2
0.8472 0.8597 0.8382 0.8437 0.8457 0.8598 0.8764 0.8458 0.8975 0.8531 2
0.9184 0.8850 0.8653 0.8860 0.9663 0.8031 0.9080 0.7432 0.8592 0.7684 2
0.8839 0.8942 0.8324 0.7925 0.9305 0.8720 0.8438 0.7926 0.8944 0.9163 2
0.8668 0.8394 0.8635 0.8425 0.8376 0.8923 0.8062 0.7947 0.9584 0.8379 2
0.8785 0.8020 0.8915 0.7896 0.8768 0.8594 0.9157 0.7777 0.8932 0.8691 2
0.9222 0.8350 0.8395 0.8549 0.8599 0.8337 0.8943 0.8649 0.9064 0.8055 2
0.9034 0.8904 0.8100 0.9815 0.8842 0.8574 0.9383 0.8266 0.9219 0.8379 2
0.8645 0.9020 0.9022 0.9208 0.8988 0.8557 0.8863 0.8111 0.8718 0.7256 2
0.8930 0.8545 0.9136 0.9260 0.8727 0.8802 0.8998 0.7468 0.9108 0.7965 2
0.9189 0.8170 0.9144 0.7372 0.8810 0.9171 0.8221 0.8742 0.8921 0.8875 2
0.9190 0.8171 0.8469 0.7491 0.8449 0.8681 0.9006 0.7463 0.8774 0.9236 2
0.9140 0.9463 0.8605 0.8549 0.9068 0.7828 0.8611 0.7098 0.8404 0.8552 2
0.9625 0.8164 0.8490 0.8693 0.8378 0.8210 0.9090 0.8495 0.8625 0.7529 2
0.9131 0.8630 0.8472 0.8739 0.9737 0.8121 0.9659 0.7808 0.8598 0.9097 2
0.9164 0.8642 0.8781 0.7583 0.8893 0.8006 0.9160 0.8346 0.9022 0.8291 2
0.9083 0.8857 0.8992 0.8148 0.9012 0.8177 0.9367 0.8683 0.9254 0.8943 2
0.8373 0.7553 0.8583 0.8504 0.8576 0.8493 0.9199 0.8801 0.8923 0.8747 2
0.8100 0.8567 0.7720 0.8945 0.9829 0.8523 0.9042 0.8510 0.9008 0.9068 2
0.9274 0.9034 0.9088 0.7430 0.8742 0.8706 0.9007 0.8337 0.8808 0.8438 2
0.8688 0.8465 0.8491 0.8433 0.8882 0.9229 0.8324 0.8832 0.8943 0.8278 2
0.8544 0.9835 0.7908 0.8492 0.8499 0.9127 0.9158 0.7363 0.8151 0.8521 2
0.8929 0.9121 0.7818 0.9211 0.9042 0.8100 0.8924 0.7700 0.8487 0.8236 2
0.9061 0.8553 0.8544 0.8764 0.8856 0.9054 0.9288 0.7751 0.8973 0.8088 2
0.9707 0.9031 0.7727 0.7899 0.8716 0.8967 1.0000 0.8526 0.9215 0.7963 2
0.8594 0.8826 0.8401 0.8501 0.9072 0.8824 0.9508 0.9038 0.8672 0.7897 2
0.8247 0.9587 0.8663 0.7448 0.8849 0.8265 0.9045 0.6853 0.8702 0.9156 2
0.9057 0.9003 0.8852 0.8592 0.8879 0.8999 0.9617 0.8736 0.9945 0.9659 2
0.7970 0.8748 0.8546 0.8321 0.9822 0.8523 0.9225 0.8638 0.9566 0.8945 2
0.9570 0.8883 0.8338 0.6678 0.8797 0.8760 0.8750 0.8647 0.8676 0.8206 2
0.9069 0.9074 0.8037 0.8098 0.8497 0.8532 0.8343 0.8499 0.8373 0.8569 2
0.8956 0.8546 0.8795 0.8298 0.8633 0.8518 0.8927 0.7004 0.8502 0.8173 2
0.8844 0.7727 0.9002 0.7870 0.9367 0.8293 0.9527 0.8389 0.9755 0.9008 2
0.9267 0.9443 0.8463 0.8442 0.9081 0.8209 0.9066 0.7761 0.9080 0.8185 2
0.8837 0.7810 0.8399 0.8100 0.8539 0.7977 0.8488 0.8175 0.9654 0.7451 2
0.8734 0.7991 0.8291 0.8127 0.8534 0.8801 0.8344 0.7839 0.9280 0.8704 2
0.9081 0.7977 0.8190 0.8594 0.8685 0.8207 0.9443 0.8127 0.8813 0.9396 2
0.9076 0.7989 0.8345 0.7282 0.9337 0.7527 0.8570 0.8353 0.9058 0.8867 2
0.8554 0.7892 0.8691 0.8541 0.8943 0.9038 0.8721 0.8260 0.8569 0.9481 2
0.9180 0.8444 0.8134 0.8630 0.9268 0.9058 0.9133 0.7650 0.9124 0.8596 2
0.9157 0.8821 0.8256 0.7998 0.9215 0.9073 0.8523 0.7655 0.8688 0.8527 2
0.8604 0.8329 0.8653 0.8043 0.8710 0.8748 0.8494 0.8106 0.9047 0.8815 2
0.9295 0.8823 0.8765 0.8634 0.8732 0.8951 0.9247 0.8104 0.9018 0.8614 2
0.8306 0.8326 0.8459 0.8599 0.8598 0.9327 0.8340 0.8623 0.8555 0.8624 2
0.9001 0.9378 0.8522 0.8554 0.8761 0.8662 0.9117 0.7856 0.8525 0.8118 2
0.9012 0.8451 0.8801 0.7970 0.8575 0.9362 0.8660 0.7483 0.9402 0.7952 2
0.8478 0.9113 0.8406 0.8447 0.8414 0.9697 0.8559 0.7651 0.9423 0.7549 2
0.9018 0.8831 0.8348 0.8096 0.8649 0.8914 0.9017 0.7337 0.9117 0.8522 2
0.9002 0.7883 0.8560 0.7754 0.9219 0.9295 0.8832 0.7309 0.8553 0.8657 2
0.9244 0.8057 0.9623 0.7263 0.9158 0.8672 0.9106 0.8611 0.9058 0.8637 2
0.8607 0.7926 0.8757 0.8400 0.8985 0.7965 0.8820 0.7632 0.8937 0.9443 2
0.9519 0.8802 0.8305 0.8997 0.8959 0.9097 0.9333 0.7823 0.8593 0.8113 2
0.8462 0.8545 0.8518 0.8439 0.9440 0.8895 0.8629 0.8281 0.8779 0.8980 2
0.7976 0.8677 0.8925 0.8586 0.9378 0.9114 0.9210 0.7475 0.8742 0.7499 2
0.8913 0.7820 0.8377 0.8518 0.8555 0.8997 0.8731 0.7875 0.9330 0.7809 2
0.8869 0.8553 0.8820 0.7977 0.8398 0.8309 0.9329 0.9104 0.8976 0.8145 2
0.8836 0.7994 0.8986 0.8411 0.9096 0.8941 0.8928 0.8577 0.8927 0.8609 2
0.9349 0.7874 0.8874 0.7513 0.8560 0.8381 0.8515 0.8050 0.8072 0.8892 2
0.9544 0.8781 0.8274 0.8809 0.9097 0.8956 0.8406 0.8206 0.9040 0.8532 2
0.8372 0.8258 0.8357 0.7968 0.8898 0.8610 0.9552 0.7980 0.8773 0.7649 2
0.9295 0.9736 0.8666 0.8731 0.8516 0.7569 0.8997 0.7867 0.8867 0.8151 2
0.8947 0.7928 0.8587 0.8639 0.8822 0.8077 0.9499 0.8070 0.8938 0.7940 2
0.9173 0.7777 0.8522 0.8686 0.9230 0.9308 0.8977 0.8445 0.9625 0.8210 2
0.9800 0.9212 0.8005 0.9244 0.8577 0.7563 0.9038 0.8314 0.9107 0.8659 2
0.9376 0.7815 0.8942 0.8541 0.8924 0.9450 0.8532 0.8512 0.9102 0.8003 2
0.9481 0.8196 0.8630 0.8458 0.9415 0.8723 0.9219 0.8327 0.8800 0.8983 2
0.9345 0.8473 0.8318 0.7717 0.8758 0.9053 0.9033 0.8165 0.8835 0.8516 2
0.8802 0.7954 0.8552 0.8008 0.8596 0.8082 0.8764 0.8713 0.9337 0.8810 2
0.9103 0.7871 0.8555 0.8101 0.8399 0.7517 0.8570 0.7535 0.8774 0.8186 2
0.9487 0.9179 0.8178 0.8490 0.9072 0.8508 0.8749 0.9105 0.8517 0.8514 2
0.8764 0.8913 0.8795 0.7465 0.9168 0.7876 0.8333 0.7839 0.8941 0.8183 2
0.8865 0.8699 0.8504 0.9639 0.9215 0.8934 0.8812 0.7599 0.9435 0.8223 2
0.9269 0.8378 0.8354 0.7845 0.8753 0.8278 0.8680 0.8420 0.8469 0.7762 2
0.8257 0.9076 0.8166 0.7802 0.8843 0.7980 0.9371 0.8605 0.9218 0.8359 2
0.9469 0.7393 0.8134 0.9092 0.8655 0.8720 0.9335 0.7566 0.9124 0.7677 2
0.8920 0.7530 0.8748 0.8553 0.8982 0.8312 0.9067 0.8202 0.9106 0.7263 2
0.8549 0.8050 0.8273 0.7712 0.8707 0.8802 0.8678 0.7776 0.9611 0.8456 2
0.8745 0.8861 0.8035 0.8471 0.9256 0.7896 0.9143 0.8319 0.8999 0.8501 2
0.9421 0.9227 1.0000 0.8293 0.9244 0.8603 0.9131 0.8700 0.8575 0.8296 2
0.8739 0.7607 0.8315 0.9597 1.0000 0.6832 0.9251 0.8520 0.8495 0.8143 2
0.9370 0.8220 0.8877 0.8001 0.9159 0.8907 0.9135 0.8817 0.9104 0.9493 2
0.8219 0.8145 0.8749 0.8535 0.9215 0.8349 0.8534 0.8631 0.9331 0.9606 2
0.9574 0.7843 0.8563 0.7968 0.8981 0.8134 0.9196 0.8528 0.8784 0.8918 2
0.8837 0.7647 0.8437 0.8307 0.9011 0.7950 0.8825 0.8718 0.9606 0.8699 2
0.8585 0.7345 0.8552 0.7733 0.8672 0.9088 0.9203 0.8719 0.9096 0.8769 2
0.9075 0.7464 0.8019 0.7591 0.8655 0.9526 0.9670 0.8891 0.8996 0.7844 2
0.9676 0.9293 0.8095 0.8181 0.8884 0.9433 0.8996 0.7396 0.8621 0.8221 2
0.8976 0.8381 0.8977 0.8390 0.9198 0.8177 0.8597 0.7211 0.9722 0.8090 2
0.8668 0.8835 0.8527 0.8852 0.8780 0.7962 0.8803 0.7951 0.8730 0.8953 2
0.8595 0.9203 0.8316 0.7830 0.8924 0.8816 0.8834 0.8011 0.9018 0.8968 2
0.9023 0.8869 0.8640 0.8987 0.9193 0.9919 0.9100 0.7887 0.8938 0.9028 2
0.8761 0.8536 0.8724 0.8942 0.9111 0.8317 0.8668 0.8001 0.8737 0.8434 2
0.9204 0.7628 0.8695 0.6799 0.8867 0.8535 0.9216 0.7529 0.9054 0.9068 2
0.8449 0.9785 0.8480 0.8779 0.8618 0.8637 0.8499 0.7862 0.9095 0.8374 2
0.9513 0.8578 0.8467 0.8840 0.9123 0.7759 0.8987 0.7913 0.8598 1.0000 2
0.8660 0.8776 0.8668 0.9059 0.8919 0.9506 0.8908 0.8790 0.9360 0.8183 2
0.8852 0.8701 0.7943 0.9153 0.8700 0.8139 0.9529 0.7627 0.8332 0.7423 2
0.9086 0.8367 0.8556 0.8615 0.9094 0.7464 0.8634 0.8674 0.8917 0.7960 2
0.8098 0.8321 0.9037 0.8681 0.9133 0.9175 0.8918 0.7682 0.8582 0.8314 2
0.9636 0.8427 0.9022 0.9649 0.8842 0.8985 0.8841 0.8553 0.9125 0.9133 2
0.9393 0.8298 0.8751 0.8075 0.8889 0.8665 0.8463 0.8054 0.8520 0.8354 2
0.8980 0.9377 0.8379 0.9206 0.9754 0.8684 0.9154 0.8152 0.8779 0.9010 2
0.8763 0.8237 0.8322 0.8439 0.8838 0.9014 0.9288 0.7995 0.8931 0.8755 2
0.8887 0.8480 0.8949 0.8601 0.9059 0.8951 0.9378 0.8546 0.9012 0.8529 2
0.8831 0.9053 0.7966 0.8843 0.9375 0.9349 0.9610 0.8150 0.8755 0.8314 2
0.9207 0.8062 0.8524 0.8594 0.9343 0.7713 0.9448 0.8413 0.8901 0.7542 2
0.8620 0.8774 0.7511 0.8044 0.8419 0.7881 0.8957 0.7046 0.8899 0.8596 2
0.9012 0.7987 0.8428 0.8177 0.9154 0.7901 0.9545 0.6812 0.8635 0.8700 2
0.9819 0.8025 0.8483 0.8158 0.9224 0.8307 0.8947 0.7671 0.8466 0.8058 2
0.9025 0.8272 0.7947 0.8421 0.8970 0.7855 0.8694 0.7581 0.8996 0.7965 2
0.8505 0.7892 0.8861 0.8366 0.8904 0.8315 0.8457 0.7970 0.9068 0.7644 2
0.8956 0.8628 0.8804 0.8630 0.9123 0.7478 0.8954 0.7993 0.9058 0.8246 2
0.9472 0.9614 0.8623 0.8409 0.9655 0.8290 0.9065 0.8448 0.9023 0.8439 2
0.8119 0.8203 0.8078 0.8352 0.9406 0.8593 0.9208 0.8176 0.8434 0.9256 2
0.8847 0.8430 0.8688 0.7918 0.9286 0.8610 0.8794 0.7910 0.9022 0.7714 2
0.9080 0.8234 0.8225 0.8043 0.8904 0.9087 0.8861 0.8117 0.8414 0.7884 2
0.8530 0.7694 0.8806 0.9224 0.9037 0.7393 0.8968 0.8433 0.8613 0.8210 2
0.8515 0.7358 0.7865 0.7455 0.9471 0.8454 0.8077 0.7906 0.9587 0.8507 2
0.9081 0.9201 0.8603 0.7237 0.8987 0.9469 0.9126 0.8386 0.9176 0.8165 2
0.8659 0.8592 0.8173 0.8146 0.8528 0.7366 0.8851 0.7852 0.8756 0.9300 2
0.9434 0.8468 0.8676 0.8255 0.8903 0.8065 0.8277 0.7798 0.8902 0.8552 2
0.9410 0.7808 0.8825 0.9711 0.8540 0.8013 0.8833 0.8150 0.9548 0.9899 2
0.9393 0.8583 0.9070 0.8843 0.9324 0.8938 0.9470 0.7520 0.8944 0.8484 2
0.8894 0.9425 0.8674 0.8715 0.8765 0.7789 0.8515 0.7882 0.9151 0.8479 2
0.8585 0.7834 0.8692 0.8527 0.8408 0.8464 0.8678 0.8726 0.9024 0.8514 2
0.8775 0.8444 0.8011 0.9201 0.8727 0.8303 0.8963 0.8502 0.8802 0.8597 2
0.8860 0.8143 0.9323 0.8745 0.8395 0.7848 0.8434 0.8806 0.9868 0.9246 2
0.9096 0.9522 0.8249 0.8219 0.8713 0.8332 0.8450 0.7553 0.8909 0.8388 2
0.8613 0.8345 0.8143 0.8618 0.8822 0.9002 0.8947 0.7779 0.9271 0.8027 2
0.9175 0.8673 0.8404 0.8004 0.8694 0.8686 0.9322 0.8592 0.9023 0.9444 2
0.8441 0.8307 0.9048 0.8468 0.8981 0.8572 0.9027 0.7975 0.8481 0.8918 2
0.8631 0.7850 0.8825 0.8490 0.9166 0.8243 0.8931 0.8518 0.8896 0.8631 2
0.8376 0.8470 0.8575 0.8260 0.8779 0.8440 0.9117 0.7902 0.8880 0.8960 2
0.9221 0.9159 0.8976 0.8413 0.8677 0.8865 0.8508 0.7699 0.8628 0.8196 2
0.8460 0.6945 0.8676 0.7935 0.9076 0.8209 0.8848 0.7573 0.9461 0.7910 2
0.9131 0.7885 0.8572 0.8727 0.9264 0.8577 0.8891 0.8027 0.8926 0.8409 2
0.8853 0.8187 0.8086 0.9647 0.8724 0.7970 0.8922 0.7602 0.9184 0.8549 2
0.9283 0.9297 0.7976 0.8817 0.9385 0.8424 0.8902 0.7745 0.8169 0.7388 2
0.8624 0.8600 0.8029 0.8143 0.9464 0.8432 0.8980 0.8950 0.8638 0.8712 2
0.9663 0.7411 0.8656 0.8964 0.8910 0.9176 0.9018 0.7555 0.8955 0.8546 2
0.8218 0.8340 0.7944 0.8608 0.9586 0.9247 0.9088 0.8567 0.9720 0.8649 2
0.8971 0.7013 0.9068 0.7752 0.8981 0.8273 0.8876 0.7874 0.8541 0.8809 2
0.8638 0.8246 0.8134 0.8753 0.8631 0.8172 0.8767 0.8431 0.9045 0.8739 2
0.9207 0.8614 0.8498 0.8024 0.8537 0.8694 0.8687 0.7689 0.8505 0.9215 2
0.9500 0.9034 0.7755 0.9291 0.8713 0.8266 0.7833 0.8306 0.8945 0.7537 2
0.8918 0.8446 0.8693 0.8420 0.8842 0.8378 0.9374 0.8144 0.9159 0.8161 2
0.9486 0.8743 0.8066 0.9068 0.8694 0.8816 0.8680 0.8041 0.8945 0.9834 2
0.8894 0.8043 0.8217 0.8537 0.8674 0.8473 0.8939 0.8005 0.8821 0.8173 2
0.8827 0.8425 0.9185 0.8167 0.8052 0.8554 0.8763 0.7838 0.8705 0.8522 2
0.9626 0.8440 0.8317 0.7391 0.8794 0.9146 0.8910 0.7774 0.9130 0.7935 2
0.8451 0.8164 0.7906 0.8203 0.9273 0.7945 0.9174 0.7458 0.8464 0.8519 2
0.9224 0.9159 0.8283 0.7437 0.8574 0.9188 0.8972 0.8355 0.8599 0.8710 2
0.8798 0.9380 0.9056 0.7921 0.9134 0.7706 0.7877 0.7391 0.9125 0.7606 2
0.9197 0.8267 0.8920 0.7806 0.8736 0.7801 0.8715 0.8763 0.9214 0.8566 2
0.8935 0.7973 0.7706 0.9011 0.9122 0.9158 0.8508 0.8559 0.8938 0.7972 2
0.8995 0.7659 0.8392 1.0000 0.8862 0.8319 0.8245 0.8880 0.8547 0.8101 2
0.8551 0.9066 0.8632 0.8672 0.9091 0.8938 0.8318 0.7905 0.8471 0.7917 2
0.9642 0.8796 0.9282 0.7365 0.8488 0.8601 0.7805 0.8484 0.9072 0.9093 2
0.8650 0.8724 0.8214 0.8860 0.8873 0.8180 0.8492 0.7995 0.8654 0.8639 2
0.9087 0.8237 0.8163 0.9594 0.9534 0.8561 0.9692 0.8842 0.8633 0.8732 2
0.8875 0.8671 0.8756 0.7664 0.9217 0.8202 0.8779 0.6757 0.9112 0.9438 2
0.8935 0.7404 0.8954 0.9211 0.8438 0.9511 0.9376 0.8494 0.8786 0.8551 2
0.8886 0.9125 0.8966 0.8924 0.8617 0.9252 0.9375 0.7987 0.8658 0.8120 2
0.8716 0.8965 0.8217 0.9488 0.9399 0.8048 0.8561 0.7892 0.8863 0.8306 2
0.9432 0.7767 0.8549 0.8573 0.8263 0.9504 0.8752 0.7686 0.9062 0.8910 2
0.8473 0.8501 0.8703 0.8525 0.8608 0.8956 0.9007 0.7520 0.8097 0.8348 2
0.8683 0.8347 0.8552 0.8376 0.8487 0.8295 0.9259 0.7977 0.8167 0.8363 2
0.9189 0.8746 0.8275 0.8449 0.9276 0.8339 0.9048 0.8723 0.8483 0.7849 2
0.9193 0.8336 0.8179 0.8924 0.9120 0.8501 0.8780 0.9336 0.9010 0.8569 2
0.9500 0.8164 0.8553 0.8248 0.9353 0.8951 0.8858 0.7900 0.8914 0.8504 2
0.8458 0.9099 0.8699 0.7840 0.8462 0.8024 0.8859 0.7888 0.8928 0.9476 2
0.8214 0.8038 0.7991 0.9436 0.9049 0.8155 0.9168 0.8454 0.8865 0.8491 2
0.8765 0.9441 0.8800 0.7479 0.9676 0.8305 0.8740 0.7707 0.9429 0.8584 2
0.9024 0.7484 0.8344 0.9455 0.8691 0.7987 0.9231 0.8713 0.9034 0.8571 2
0.9601 0.8948 0.8655 0.8565 0.9387 0.8290 0.8464 0.8050 0.9236 0.8953 2
0.9323 0.8296 0.8114 0.8445 0.9011 0.9007 0.8792 0.7628 0.8540 0.9191 2
0.9046 0.8821 0.8468 0.9068 0.9199 0.9418 0.8574 0.9241 0.9257 0.9175 2
0.8344 0.7409 0.8373 0.8651 0.8610 0.8550 0.8849 0.7632 0.9170 0.7987 2
0.9528 0.9710 0.8327 0.8183 0.9213 0.8415 0.8865 0.8526 0.8938 0.7774 2
0.8932 0.7629 0.8547 0.8822 0.8818 0.8236 0.8764 0.7646 0.8922 0.7855 2
0.9152 0.8548 0.8004 0.7645 0.9263 0.8486 0.8737 0.7452 0.8670 0.9681 2
0.8858 0.9272 0.8582 0.8350 0.9340 0.8048 0.8653 0.7794 0.8774 0.8170 2
0.8987 0.9489 0.8064 0.8949 0.8753 0.8435 0.8797 0.8600 0.9134 0.8990 2
0.9601 0.8824 0.8491 0.8138 0.8804 0.8048 0.8836 0.7736 0.9041 0.8692 2
0.9317 0.8849 0.8801 0.8731 0.9419 0.9685 0.8066 0.8500 0.9145 0.8115 2
0.8631 0.8911 0.8935 0.9063 0.8952 0.9112 0.8707 0.7655 0.9584 0.9704 2
0.8394 0.8180 0.8257 0.8630 0.8511 0.7537 0.9590 0.7833 0.8347 0.7820 2
0.9521 0.9616 0.8404 0.8238 0.8492 0.7991 0.9287 0.7491 0.8966 0.8710 2
0.9427 0.7808 0.8618 0.8345 0.9384 0.9328 0.9045 0.7920 0.9327 0.8554 2
0.8857 0.7965 0.8501 0.8606 0.9353 0.8150 0.8467 0.7723 0.9313 0.7745 2
0.9748 0.8293 0.8847 0.9284 0.9180 0.8836 0.8719 0.8513 0.8935 0.8522 2
0.8587 0.9203 0.8563 0.8812 0.8353 0.7999 0.9347 0.7399 0.9154 0.9118 2
0.9124 0.7779 0.8175 0.9310 0.9236 0.8965 0.8582 0.7880 0.9256 0.7604 2
0.9059 0.7944 0.8797 0.8058 0.9069 0.8062 0.8660 0.9334 0.8527 0.8554 2
0.8583 0.8357 0.8674 0.9137 0.9028 0.8205 0.9162 0.8615 0.9846 0.9008 2
0.8905 0.8208 0.8227 0.8086 0.8709 0.9866 0.9300 0.8667 0.9235 0.8028 2
0.9153 0.8086 0.8181 0.9099 0.8034 0.8601 0.8914 0.7659 0.9492 0.8215 2
0.8797 0.8300 0.8223 0.8554 0.9456 0.9169 0.9685 0.8541 0.9602 0.8512 2
0.9484 0.8328 0.8194 0.8094 0.9172 0.7657 0.9436 0.8242 0.9000 0.6962 2
0.9618 0.9446 0.8825 0.8980 0.9108 0.8743 0.8935 0.8093 0.9151 0.9130 2
0.9366 0.8100 0.8640 0.8554 0.8594 0.8232 0.8649 0.8384 0.9263 0.9386 2
0.8361 0.8338 0.8196 0.8947 0.8567 0.7659 0.8863 0.8237 0.9304 0.8027 2
0.9045 0.8001 0.8119 0.7913 0.9035 0.7656 0.8812 0.7439 0.8881 0.8319 2
0.9395 0.8451 0.8171 0.8070 0.8147 0.8577 0.8609 0.8345 0.9356 0.8404 2
0.9381 0.8638 0.8086 0.8556 0.8920 0.8292 0.9599 0.8397 0.9531 0.7250 2
0.9351 0.8244 0.8997 0.8202 0.8659 0.8987 0.9156 0.7475 0.9688 0.9101 2
0.9460 0.9093 0.9415 0.8155 0.9570 0.8449 0.8972 0.8149 0.8805 0.8085 2
0.8774 0.8956 0.8124 0.8696 0.8597 0.8801 0.9131 0.8016 0.9754 0.9098 2
0.9128 0.7959 0.8776 0.8694 0.9299 0.8237 0.8934 0.8598 0.8761 0.7727 2
0.8907 0.8696 0.8295 0.8113 0.8653 0.7595 0.9018 0.7607 0.9499 0.7852 2
0.8883 0.8192 0.8778 0.8219 0.8485 0.8288 0.8770 0.8078 0.9165 0.7955 2
0.8524 0.9561 0.8270 0.8727 0.8623 0.8687 0.8807 0.7718 0.8224 0.8596 2
0.9232 0.8824 0.7620 0.8662 0.9181 0.8119 0.9193 0.8562 0.8490 0.8745 2
0.9371 0.8433 0.8348 0.8781 0.9091 0.9195 0.9039 0.8381 0.8793 0.9047 2
0.9572 0.8998 0.8045 0.8311 0.8737 0.8611 0.9467 0.8041 0.9428 0.9098 2
0.8846 0.8107 0.8697 0.9227 0.8584 0.9479 0.8975 0.7617 0.9063 0.7905 2
0.9272 0.9251 0.8129 0.9108 0.8924 0.7782 0.8621 0.8342 0.8472 0.8779 2
0.9179 0.8720 0.7931 0.7946 0.8900 0.8591 0.9127 0.8155 0.9191 0.8897 2
0.9299 0.8088 0.8261 0.9052 0.8699 0.8490 0.9432 0.7710 0.9366 0.8394 2
0.8293 0.7820 0.8037 0.8629 0.9334 0.8885 0.8683 0.7741 0.8744 0.8108 2
0.9438 0.7956 0.7683 0.8169 0.9081 0.7598 0.8694 0.7363 0.9235 0.8419 2
0.9612 0.8421 0.8437 0.8221 0.8736 0.8063 0.8530 0.8047 0.8940 0.9431 2
0.9397 0.7280 0.8360 0.7693 0.9079 0.8713 0.8733 0.8158 0.9188 0.8271 2
0.8612 0.8253 0.8979 0.8345 0.8731 0.9462 0.9072 0.7731 0.8926 0.8762 2
0.9072 0.8512 0.8042 0.9037 0.8398 0.8806 0.9038 0.7444 0.8558 0.8649 2
0.9076 0.8480 0.8508 0.8314 0.9166 0.8271 0.9553 0.7700 0.9179 0.8246 2
0.8355 0.9215 0.8318 0.8843 0.8201 0.7784 0.8724 0.7749 0.9227 0.8719 2
0.9616 0.8027 0.9166 0.7709 0.9461 0.9068 0.8922 0.8556 0.8920 0.7444 2
0.9379 0.8640 0.8652 0.8748 0.9523 0.9070 0.9098 0.7506 0.8808 0.7737 2
0.9503 0.7633 0.8303 0.6912 0.9030 0.9085 0.9141 0.7447 0.8934 0.7955 2
0.8513 0.8510 0.8963 0.8701 0.8504 0.8501 0.8552 0.9024 0.9257 0.7641 2
0.8455 0.8935 0.8620 0.8229 0.9024 0.9109 0.8774 0.8500 0.9074 0.8221 2
0.9466 0.8666 0.8757 0.8490 0.8695 0.8789 0.8637 0.8696 0.8176 0.9602 2
0.8606 0.8336 0.8742 0.8314 0.8878 0.8533 0.7868 0.8245 0.8732 0.8654 2
0.8926 0.9324 0.8592 0.8172 0.9201 0.8533 0.9250 0.8549 0.9392 0.8604 2
0.9739 0.8673 0.8421 0.8183 0.8990 0.8471 0.8454 0.8091 0.8919 0.8032 2
0.8798 0.8628 0.8274 0.8745 0.8200 0.8187 0.8462 0.9002 0.9189 0.8952 2
0.9062 0.7551 0.7671 0.7233 0.9589 0.8050 0.8602 0.8423 0.9002 0.8434 2
0.8227 0.8213 0.8556 0.8333 0.8716 0.9043 0.8866 0.7906 0.9286 0.8208 2
0.9452 0.8579 0.8509 0.8978 0.8963 0.8518 0.8482 0.8566 0.9140 0.8103 2
0.8948 0.8164 0.9353 0.7847 0.9423 0.9335 0.8724 0.8749 0.8669 0.7426 2
0.9100 0.8890 0.8724 0.9241 0.9411 0.8946 0.8814 0.8816 0.8696 0.8646 2
0.8111 0.8593 0.8121 0.7927 0.9298 0.8907 0.9064 0.8876 0.9316 0.8589 2
0.9204 0.8519 0.8655 0.8660 0.9154 0.8430 0.8609 0.7784 0.9278 0.9712 2
0.8915 0.8291 0.8126 0.7792 0.8905 0.8718 0.9419 0.7141 0.9076 0.8296 2
0.8872 0.8692 0.8550 0.8648 0.9165 0.9053 0.8845 0.7573 0.9124 0.9464 2
0.9515 0.8265 0.8320 0.8400 0.9370 0.8302 0.8862 0.7991 0.8967 0.8677 2
0.8631 0.7867 0.8537 0.8478 0.8986 0.8261 0.9102 0.7280 0.9381 0.8441 2
0.9188 0.8640 0.8072 0.8205 0.9200 0.8214 0.8694 0.8907 0.9402 0.8458 2
0.8617 0.8097 0.8787 0.8515 0.9173 0.8811 0.8712 0.7823 0.9636 0.8121 2
0.9097 0.9179 0.8327 0.9381 0.8817 0.8687 0.8752 0.7669 0.9242 0.7353 2
0.8336 0.8880 0.8838 0.9665 0.9099 0.8731 0.9212 0.8778 0.8563 0.7967 2
0.8293 0.7987 0.7816 0.8312 0.8289 0.8517 0.8799 0.7898 0.9194 0.8749 2
0.8866 0.9217 0.8371 0.8107 0.8578 0.8094 0.8440 0.8283 0.8592 0.8699 2
0.8978 0.8324 0.8382 0.8831 0.8647 0.9114 0.8703 0.8394 0.8520 0.8897 2
0.8391 0.9114 0.7841 0.9163 0.9617 0.9298 0.8669 0.8242 0.8397 0.8020 2
0.9564 0.8447 0.8458 0.7901 0.8322 0.8329 0.8648 0.8165 0.9088 0.8827 2
0.8566 0.8876 0.8897 0.7289 0.9217 0.8287 0.8971 0.8525 0.9185 0.8125 2
0.9142 0.8196 0.8739 0.8400 0.9077 0.8537 0.8708 0.7432 0.9648 0.7922 2
0.9586 0.7563 0.8184 0.7411 0.8983 0.8836 0.8489 0.8917 0.8051 0.8496 2
0.9096 0.9387 0.8522 0.7297 0.9465 0.8021 0.9163 0.8314 0.9006 0.8681 2
0.8877 0.8628 0.8750 0.7923 0.9447 0.8706 0.8379 0.8487 0.8444 0.8511 2
0.8683 0.8102 0.8259 0.8234 0.8987 0.9134 0.9065 0.7962 0.8753 0.8982 2
0.9414 0.8911 0.8699 0.9026 0.9099 0.8584 0.9410 0.7875 0.9177 0.8391 2
0.8627 0.7678 0.8527 0.7956 0.8427 0.7859 0.8887 0.8374 0.9151 0.8541 2
0.8436 0.9885 0.8781 0.8873 0.8762 0.8840 0.7805 0.8728 0.8778 0.8574 2
0.8363 0.8880 0.8429 0.8847 0.8555 0.8129 0.8909 0.8049 0.9207 0.8311 2
0.8108 0.8284 0.8970 0.9773 0.8601 0.9114 0.9124 0.7892 0.8403 0.7940 2
0.9359 0.9337 0.8019 0.7778 0.9066 0.7581 0.9491 0.8288 0.9475 0.8644 2
0.8642 0.8833 0.7668 0.7960 0.8794 0.9197 0.9500 0.7897 0.8597 0.8569 2
0.8858 0.8684 0.8460 0.8489 0.8842 0.8539 0.8749 0.7748 0.8428 0.8785 2
0.8783 0.8133 0.8092 0.7334 0.9203 0.8701 0.9203 0.9167 0.8993 0.9025 2
0.9233 0.8611 0.8901 0.8264 0.9407 0.8231 0.8886 0.8304 0.9129 0.8606 2
0.8997 0.8463 0.8223 0.8058 0.9215 0.8967 0.8859 0.8466 0.9367 0.8597 2
0.8819 0.8963 0.8371 0.7916 0.9238 0.8290 0.8965 0.7167 0.8718 0.8664 2
0.9091 0.8222 0.8508 0.8707 0.9122 0.9136 0.8520 0.7646 0.8552 0.7950 2
0.9442 0.8956 0.8720 0.8579 0.8896 0.8860 0.8777 0.8613 0.8564 0.8403 2
0.9130 0.8559 0.8021 0.8845 0.8800 0.7454 0.8600 0.8181 0.8982 0.8527 2
0.9355 0.8671 0.7814 0.7755 0.8950 0.8265 0.8939 0.8711 0.8923 0.8263 2
0.8942 0.7885 0.7913 0.8051 0.8733 0.7938 0.8442 0.8701 0.8407 0.8889 2
0.8522 0.8791 0.8552 0.7230 0.8794 0.9428 0.9069 0.7653 0.8988 0.8699 2
0.8747 0.8696 0.8623 0.8601 0.8430 0.9381 0.8780 0.8041 0.8842 0.8459 2
0.9357 0.8263 0.8454 0.8120 0.8727 0.8396 0.8637 0.8170 0.8731 0.8186 2
0.9004 0.7463 0.9114 0.8501 0.9253 0.8512 0.9553 0.7354 0.8766 0.8864 2
0.9087 0.9217 0.8685 0.8774 0.9007 0.8129 0.9263 0.7682 0.8642 0.8740 2
0.8858 0.8628 0.8585 0.8219 0.9044 0.8647 0.9565 0.8126 0.8777 0.8647 2
0.9778 0.8717 0.8765 0.7361 0.9118 0.8877 0.9392 0.9028 0.8907 0.8180 2
0.8854 0.9672 0.8538 0.8611 0.9058 0.9007 0.9123 0.7897 0.8477 0.8849 2
0.9205 0.8223 0.8826 0.8290 0.8608 0.8024 0.8777 0.8327 0.8954 0.7997 2
0.8899 0.9017 0.8489 0.7828 0.8982 0.9053 0.9055 0.8477 0.9370 0.7875 2
0.8623 0.7843 0.8558 0.8752 0.8828 0.7728 0.8813 0.8256 0.9100 0.8639 2
0.8803 0.8790 0.8848 0.8100 0.8980 0.7857 0.8822 0.7655 0.8115 0.8133 2
0.9441 0.9107 0.8344 0.8784 0.8394 0.8001 0.8530 0.8508 0.8658 0.8035 2
0.9359 0.8836 0.9131 0.7467 0.8598 0.8366 0.9120 0.7705 0.8440 0.8845 2
0.9069 0.7862 0.8742 0.8520 0.9505 0.8356 0.9203 0.8135 0.8545 0.8498 2
0.9188 0.8268 0.7804 0.9059 0.9028 0.8593 0.9062 0.7609 0.8826 0.7980 2
0.9476 0.8263 0.8291 0.9256 0.8691 0.7667 0.8337 0.8343 0.9135 0.8739 2
0.9406 0.9014 0.8695 0.8950 0.8649 0.8958 0.8841 0.7892 0.9183 0.8602 2
0.8997 0.7624 0.8790 0.8276 0.8840 0.9347 0.8743 0.7638 0.8517 0.8506 2
0.9571 0.8861 0.8728 0.7446 0.9349 0.9224 0.8317 0.8849 0.8705 0.8874 2
0.9431 0.7878 0.8560 0.8292 0.9485 0.7427 0.9095 0.7602 0.9368 0.8908 2
0.9112 0.9052 0.8146 0.8326 0.8874 0.7336 0.9267 0.7516 0.8898 0.8479 2
0.9015 0.7633 0.7571 0.7403 0.9055 0.8992 0.8620 0.8346 0.8913 0.8869 2
0.8979 0.9611 0.8671 0.9175 0.9293 0.8765 0.9452 0.7852 0.9418 0.9393 2
0.9423 0.7881 0.8687 0.8835 0.9273 0.8246 0.8954 0.8654 0.9726 0.8682 2
0.8808 0.9071 0.8903 0.8738 0.9240 0.8909 0.8616 0.8199 0.8716 0.9193 2
0.8925 0.7838 0.8309 0.8584 0.8474 0.8195 0.9072 0.8564 0.9372 0.8646 2
0.8546 0.8423 0.7954 0.7832 0.9501 0.7659 0.9113 0.8386 0.9577 0.8000 2
0.8771 0.8234 0.8188 0.8183 0.9462 0.7713 0.9199 0.8435 0.9254 0.7918 2
0.8566 0.8559 0.8594 0.8342 0.9360 0.9699 0.8784 0.8356 0.8926 0.8165 2
0.9177 0.9206 0.8913 0.9291 0.8888 0.9017 0.8616 0.8723 0.9047 0.8454 2
0.8915 0.7843 0.8472 0.9186 0.9015 0.8916 0.8634 0.7422 0.9375 0.8865 2
0.9406 0.8147 0.8284 0.9217 0.9705 0.8872 0.7854 0.7424 0.8253 0.8839 2
0.9365 0.9380 0.7882 0.8091 0.8861 0.7818 0.8856 0.7308 0.9000 0.8331 2
0.9271 0.7391 0.8711 0.8489 0.9369 0.8545 0.8873 0.7659 0.9167 0.9318 2
0.8811 0.8067 0.8559 0.8209 0.9175 0.9345 0.9224 0.9109 0.8484 0.7641 2
0.8726 0.8770 0.8655 0.7515 0.9502 0.8390 0.9031 0.8441 0.8592 0.8566 2
0.8888 0.7315 0.8777 0.8068 0.9089 0.8332 0.8607 0.8577 0.9124 0.8584 2
0.9189 0.8336 0.9088 0.7769 0.8744 0.7921 0.9517 0.7648 0.9184 0.9577 2
0.9240 0.8442 0.8478 0.8198 0.9145 0.8779 0.8832 0.7502 0.9300 0.7992 2
0.8699 0.8725 0.8052 0.7954 0.9376 0.8769 0.8818 0.8265 0.8698 0.9017 2
0.8704 0.8140 0.8001 0.8255 0.8682 0.8170 0.9072 0.8173 0.8913 0.8318 2
0.9172 0.7774 0.8809 0.8153 0.9052 0.9230 0.8726 0.7381 0.9296 0.9210 2
0.9145 0.7655 0.8365 0.8209 0.9134 0.8894 0.9254 0.7586 0.8331 0.8386 2
0.9703 0.9502 0.8691 0.8210 0.9294 0.7808 0.8997 0.8629 0.9290 0.9339 2
0.9296 0.8684 0.8382 0.8362 0.8692 0.8562 0.8339 0.8376 0.8179 0.8413 2
0.9271 0.8413 0.8390 0.8217 0.8936 0.8150 0.9189 0.8225 0.7990 0.7850 2
0.9432 0.8268 0.8507 0.8829 0.8773 0.8309 0.9181 0.7323 0.9819 0.8213 2
0.9332 0.7478 0.8117 0.9035 0.9275 0.8060 0.9389 1.0000 1.0000 0.9008 2
0.9386 0.8275 0.9007 0.8254 0.8752 0.9017 0.8805 0.8502 0.8784 0.8739 2
0.9355 0.7273 0.8043 0.7256 0.8527 0.8720 0.8616 0.8216 0.9245 0.8035 2
0.9279 0.8720 0.8610 0.8101 0.8799 0.7887 0.9025 0.9030 0.8768 0.8993 2
0.8425 0.8526 0.8287 0.8316 0.8902 0.7760 0.8625 0.9104 0.8224 0.8938 2
0.8839 0.8529 0.8410 0.8466 0.9022 0.8616 0.9155 0.8037 0.9072 0.8664 2
0.8529 0.7975 0.8373 0.7750 0.8342 0.8346 0.8173 0.9342 0.8449 0.8106 2
0.9215 0.7249 0.8835 0.8547 0.9267 0.8767 0.9196 0.8256 0.9611 0.7830 2
0.9006 0.7902 0.8389 0.8043 0.9215 0.8860 0.9163 0.9411 0.9211 0.9378 2
0.8771 0.8508 0.7953 0.8459 0.9025 0.8967 0.8330 0.7908 0.8898 0.7789 2
0.8957 0.8168 0.8668 0.8138 0.9502 0.8408 0.9368 0.7828 0.8931 0.8414 2
0.9023 0.7956 0.8992 0.8893 0.9165 0.8408 0.9088 0.8984 0.8980 0.8108 2
0.9153 0.8235 0.8599 0.7451 0.8968 0.7786 0.8787 0.7511 0.9051 0.8794 2
0.8979 0.7563 0.8911 0.7332 0.7873 0.8410 0.9513 0.7730 0.8754 0.8476 2
0.8857 0.9260 0.7947 0.7851 0.8622 0.9014 0.8299 0.7731 0.9147 0.9110 2
0.8677 0.7747 0.8287 0.8015 0.9291 0.8315 0.9356 0.8899 0.9167 0.8705 2
0.9105 0.8369 0.8305 0.9794 0.9123 0.8829 0.8549 0.7859 0.8593 0.8842 2
0.8858 0.8418 0.8718 0.8274 0.8341 0.8765 0.9140 0.7552 0.8504 0.7667 2
0.8570 0.8722 0.7877 0.9353 0.8862 0.9381 0.9204 0.7761 0.8904 0.8975 2
0.9012 0.7940 0.8140 0.7968 0.9229 0.8904 0.8826 0.9118 0.9542 0.8075 2
0.9291 0.7510 0.8856 0.8599 0.8201 0.8977 0.8316 0.8225 0.8867 0.7458 2
0.8516 0.8659 0.8279 0.7735 0.8552 0.8698 0.9151 0.7339 0.8521 0.7250 2
0.8924 0.8197 0.8560 0.8138 0.8663 0.8698 0.8670 0.8204 0.8817 0.8755 2
0.8734 0.8724 0.8584 0.7742 0.8811 0.7820 0.9151 0.7892 0.9080 0.8759 2
0.8602 0.8725 0.8856 0.7133 0.9270 0.8865 0.8833 0.8217 0.8573 0.7747 2
0.9765 0.7289 0.8658 0.9260 0.8888 0.9068 0.8998 0.7998 0.9279 0.8321 2
0.9592 0.8168 0.8682 0.7892 0.8809 0.8063 0.9554 0.7519 0.9279 0.8000 2
0.9636 0.7890 0.9272 0.7769 0.8939 0.8501 0.9505 0.8150 0.8969 0.8121 2
0.8958 0.8477 0.8885 0.8610 0.8575 0.8344 0.9033 0.7717 0.8874 0.8374 2
0.8471 0.9130 0.8774 0.8772 0.8849 0.9127 0.8821 0.9149 0.8964 0.8286 2
0.8734 0.8546 0.9130 0.7527 0.8613 0.7969 0.8505 0.7993 0.9433 0.8468 2
0.8959 0.8843 0.8492 0.8746 0.8335 0.8818 0.9116 0.8232 0.9283 0.9173 2
0.8441 0.8486 0.9544 0.8037 0.8283 0.8931 0.8922 0.8324 0.8458 0.8171 2
0.8777 0.8527 0.8372 0.8921 0.8765 0.9239 0.8767 0.7849 0.8853 0.8266 2
0.9081 0.8840 0.8228 0.9583 0.9003 0.7989 0.8550 0.7754 0.8901 0.7855 2
0.9544 0.8487 0.8597 0.8857 0.9406 0.8268 0.9301 0.8741 0.8873 0.8461 2
0.8667 0.8416 0.7886 0.8599 0.9250 0.8799 0.9380 0.8072 0.8708 0.8376 2
0.8998 0.9194 0.9334 0.7823 0.8488 0.8637 0.9027 0.8916 0.8372 0.8907 2
0.9195 0.6952 0.8267 0.8833 0.8460 0.8435 0.8677 0.7128 0.8956 0.8226 2
0.8712 0.8661 0.8771 0.8421 0.9395 0.8929 0.9114 0.7740 0.9250 0.8632 2
0.8331 0.8894 0.8473 0.9690 0.9305 0.8584 0.9062 0.7740 0.8760 0.7106 2
0.9608 0.8392 0.8374 0.9049 0.8197 0.7500 0.9377 0.8188 0.9324 0.8316 2
0.8562 0.7846 0.8646 0.8518 0.8989 0.8743 0.9042 0.8011 0.9022 0.8291 2
0.9710 0.9281 0.8563 0.8582 0.9337 0.8143 0.9024 0.7295 0.8947 0.8145 2
0.8992 0.8447 0.8637 0.9229 0.8741 0.8251 0.9168 0.8180 0.8805 0.8155 2
0.9742 0.8143 0.9127 0.7553 0.8639 0.8824 0.8659 0.8373 0.8654 0.8857 2
0.8330 0.7374 0.8925 0.8843 0.9176 0.7700 0.8808 0.8144 0.8452 0.7942 2
0.8769 0.9064 0.8490 0.8248 0.8602 0.7879 0.8762 0.7586 0.9272 0.7985 2
0.9094 0.9078 0.8793 0.8200 0.8851 0.8146 0.9366 0.8705 0.8287 0.9195 2
0.8474 0.8267 0.8063 0.8048 0.9126 0.8970 0.8579 0.7911 0.8658 0.8933 2
0.9455 0.9373 0.9054 0.8392 0.8840 0.8684 0.8564 0.8093 0.9600 0.8286 2
0.8877 0.8701 0.8555 0.9059 0.8974 0.7816 0.8758 0.9015 0.9282 0.7333 2
0.8412 0.8350 0.8874 0.9061 0.8958 0.8562 0.8573 0.8793 0.9373 0.8087 2
0.9064 0.8182 0.7967 0.9296 0.8506 0.8694 0.8510 0.7130 0.8778 0.8241 2
0.8517 0.7643 0.8163 0.8732 0.9395 0.9980 0.9046 0.8536 0.9032 0.8175 2
0.9515 0.8420 0.8341 0.8046 0.8716 0.8259 0.8903 0.7839 0.9367 0.9156 2
0.9017 0.8788 0.9128 0.8999 0.8578 0.8144 0.9374 0.7596 0.8754 0.8175 2
0.8352 0.8559 0.8507 0.8873 0.9095 0.8665 0.8422 0.8162 0.8317 0.8062 2
0.9097 0.8510 0.8849 0.8743 0.9190 0.8170 0.8523 0.8083 0.8944 0.8190 2
0.9311 0.7760 0.8679 0.8494 0.9012 0.8180 0.9931 0.8724 0.9459 0.8453 2
0.8765 0.8053 0.8631 0.7368 0.8789 0.8613 0.9339 0.7895 0.8569 0.8641 2
0.8223 0.8229 0.8703 0.7951 0.8338 0.8009 0.9202 0.8487 0.8873 0.8504 2
0.9456 0.8600 0.8495 0.8240 0.9231 0.8178 0.8852 0.8256 0.9363 0.9489 2
0.8644 0.8922 0.8678 0.8836 0.8617 0.8270 0.8635 0.9518 0.9755 0.8080 2
0.9559 0.7680 0.8445 0.9167 0.9098 0.8581 0.8932 0.8273 0.8571 0.7453 2
0.9261 0.7923 0.8077 0.7373 0.9168 0.8809 0.9397 0.9006 0.8629 0.9013 2
0.8982 0.8242 0.8588 0.9761 0.8627 0.8510 0.8618 0.7509 0.8063 0.8391 2
0.7932 0.8046 0.8110 0.8184 0.8568 0.8281 0.9467 0.6690 0.8485 0.7008 2
0.8551 0.7720 0.8586 0.9749 0.8157 0.8446 0.9025 0.8235 0.8802 0.7755 2
0.8348 0.8383 0.8566 0.8736 0.9019 0.8950 0.8785 0.8481 0.9676 0.9226 2
0.9829 0.8308 0.8429 0.7788 0.8302 0.8532 0.8942 0.8083 0.9135 0.7875 2
0.8562 0.7815 0.7858 0.7401 0.9704 0.8836 0.8690 0.8850 0.9122 0.8271 2
0.8524 0.8691 0.8530 0.8124 0.8314 0.7877 0.9038 0.8978 0.9274 0.8098 2
0.8458 0.7767 0.8287 0.7984 0.8527 0.9530 0.8367 0.8106 0.9070 0.8978 2
0.8783 0.7961 0.8108 0.8855 0.8951 0.8295 0.8925 0.8204 0.8812 0.8787 2
0.8468 0.7774 0.8199 0.7730 0.8884 0.7843 0.9107 0.7244 0.9179 0.8923 2
0.9130 0.9338 0.8373 0.8451 0.9176 0.7705 0.9122 0.8176 0.9661 0.8639 2
0.9111 0.8590 0.9001 0.8075 0.8548 0.9643 0.9211 0.8325 0.9151 0.8438 2
0.8991 0.8757 0.8434 0.9341 0.8707 0.9183 0.9297 0.8029 0.8724 0.8130 2
0.9312 0.8428 0.9076 0.9211 0.8991 0.8148 0.8942 0.8139 0.8322 0.8604 2
0.9221 0.8762 0.8583 0.7579 0.9120 0.9073 0.9059 0.7682 0.9540 0.8885 2
0.9103 0.7525 0.8343 0.8312 0.9637 0.8549 0.8756 0.8517 0.9343 0.9318 2
0.9294 0.9463 0.8581 0.7672 0.9388 0.9273 0.9252 0.8060 0.9032 0.9002 2
0.9307 0.8097 0.8309 0.8145 0.9194 0.7806 0.8972 0.8575 0.9344 0.7686 2
0.9018 0.7867 0.9166 0.8037 0.8864 0.8708 0.8798 0.8402 0.8344 0.8348 2
0.8623 0.8869 0.8565 0.8701 0.9121 0.8258 0.9083 0.8588 0.8265 0.9183 2
0.8650 0.8006 0.8144 0.8591 0.8846 0.7718 0.9178 0.8943 0.9030 0.8527 2
0.8815 0.8614 0.8708 0.9507 0.9133 0.8733 0.8440 0.8274 0.9196 0.8328 2
0.8074 0.7041 0.8422 0.8530 0.9493 0.9066 0.9158 0.8062 0.9069 0.9158 2
0.8629 0.8823 0.8065 0.8487 0.8866 0.8533 0.9267 0.7058 0.8788 0.7869 2
0.9053 0.8418 0.8288 0.8762 0.8415 0.8674 0.8913 0.7738 0.9384 0.8276 2
0.8380 0.8531 0.8316 0.8921 0.8863 0.9310 0.9383 0.8386 0.9467 0.8005 2
0.9037 0.8105 0.8380 0.9549 0.9750 0.8070 0.9083 0.6714 0.8695 0.8702 2
0.9111 0.7747 0.8698 0.7716 0.8614 0.8686 0.9064 0.8234 0.9757 0.8521 2
0.8474 0.7921 0.8162 0.8563 0.8952 0.8412 0.8739 0.7640 0.9209 0.7950 2
0.9218 0.8612 0.8029 0.8931 0.8594 0.8750 0.8913 0.7602 0.9032 0.8980 2
0.8940 0.8222 0.8463 0.8750 0.8338 0.9186 0.9486 0.8844 0.8886 0.9223 2
0.9011 0.8265 0.8199 0.8688 0.8719 0.9224 0.8934 0.8196 0.9184 0.8080 2
0.9056 0.8711 0.8560 0.8682 0.8823 1.0000 0.7929 0.6989 0.9024 0.8216 2
0.9068 0.8692 0.8171 0.8274 0.8010 0.8062 0.8834 0.8217 0.9498 0.8113 2
0.9409 0.8786 0.7536 0.8828 0.8475 0.8253 0.9566 0.7931 0.9579 0.8972 2
0.9111 0.8788 0.7852 0.8566 0.8971 0.8143 0.9306 0.7875 0.9028 0.8451 2
0.8660 0.8574 0.7983 0.8643 0.8181 0.9805 0.8814 0.8477 0.8949 0.8208 2
0.9735 0.8631 0.8732 0.7889 0.8575 0.8694 0.8628 0.8327 0.8386 0.7489 2
0.8623 0.7339 0.8592 0.8513 0.8799 0.9053 0.9102 0.8360 0.9370 0.7186 2
0.9184 0.7813 0.7867 0.7980 0.8366 0.8215 0.9246 0.7797 0.8817 0.8141 2
0.9102 0.8934 0.8964 0.7932 0.8583 0.8945 0.8862 0.8067 0.8693 0.8123 2
0.8858 0.7871 0.8838 0.7909 0.9221 0.9176 0.9577 0.7942 0.8740 0.9892 2
0.9471 0.8821 0.8039 0.9428 0.9260 0.8823 0.8354 0.6886 0.9139 0.7358 2
0.8876 0.8909 0.9083 0.8826 0.8714 0.8522 0.8701 0.7154 0.9199 0.7414 2
0.8678 0.8473 0.8614 0.9575 0.9169 0.7243 0.9253 0.7674 0.9432 0.8158 2
0.9280 0.8003 0.8617 0.7823 0.9094 0.9420 0.8594 0.7619 0.9113 0.8439 2
0.9189 0.8536 0.8336 0.8297 0.9004 0.9161 0.9020 0.8737 0.9517 0.8572 2
0.9210 0.8029 0.8554 0.7927 0.8608 0.8043 0.8956 0.8283 0.8516 0.8587 2
1.0000 0.8739 0.8819 0.9148 0.9238 0.8412 0.9112 0.7856 0.8395 0.7647 2
0.9196 0.8114 0.7840 0.9134 0.8912 0.8923 0.8835 0.7571 0.8737 0.8381 2
0.8930 0.8154 0.8267 0.8063 0.8775 0.8753 0.8220 0.8096 0.8843 0.8749 2
0.9470 0.8328 0.8304 0.8494 0.9135 0.8349 0.9196 0.8065 0.7872 0.8463 2
0.9008 0.8922 0.8573 0.8255 0.8716 0.8777 0.8841 0.8413 0.9400 0.8077 2
0.8898 0.8249 0.8910 0.8639 0.8656 0.7684 0.8325 0.8284 0.8907 0.8161 2
0.8319 0.9368 0.8740 0.7498 0.9908 0.8823 0.8300 0.8763 0.9002 0.8933 2
0.9315 0.8308 0.9160 0.8601 0.8433 0.7881 0.8579 0.8351 0.8452 0.7880 2
0.9456 0.9422 0.8362 0.7679 0.8787 0.9543 0.9044 0.9774 0.9247 0.8143 2
0.8484 0.9161 0.7883 0.8176 0.8791 0.8505 0.9314 0.8809 0.9237 0.7724 2
0.9580 0.8472 0.8533 0.6860 0.8443 0.8045 0.8990 0.8418 0.8615 0.8709 2
0.8780 0.7959 0.8275 0.9187 0.8692 0.8366 0.9002 0.8363 0.9272 0.8531 2
0.9200 0.8616 0.8247 0.9092 0.8916 0.8967 0.9264 0.8261 0.8051 0.7243 2
0.8593 0.8480 0.7985 0.7576 0.8410 0.8376 0.9277 0.7205 0.9766 0.8100 2
0.8546 0.8072 0.8743 0.7650 0.9391 0.7948 0.8767 0.8852 0.8366 0.7955 2
0.9102 0.9265 0.8757 0.7539 0.8941 0.8902 0.9074 0.7391 0.9386 0.8349 2
0.8820 0.8711 0.8255 0.8126 0.9111 0.7512 0.8454 0.8533 0.8425 0.9223 2
0.9013 0.9128 0.8779 0.8719 0.8236 0.8816 0.8884 0.7736 0.8445 0.8694 2
0.8858 0.8281 0.8188 0.9469 0.8662 0.8885 0.8902 0.7365 0.9218 0.8201 2
0.8577 0.9972 0.8439 0.9108 0.9143 0.7385 0.9421 0.8170 0.8881 0.8587 2
0.8987 0.8109 0.8603 0.8496 0.9017 0.8762 0.8994 0.8319 0.8693 0.8967 2
0.8778 0.7881 0.8516 0.7921 0.8403 0.8045 0.8994 0.8121 0.9084 0.8384 2
0.9076 0.7845 0.8256 0.8826 0.8909 0.8435 0.8841 0.8356 0.9267 0.8732 2
0.8868 0.7888 0.8310 0.8380 0.8677 0.8035 0.8796 0.8662 0.8932 0.9309 2
0.9322 0.9192 0.8250 0.8297 0.8288 0.8082 0.9131 0.7630 0.8647 0.7790 2
0.8854 0.8555 0.8766 0.9028 0.9243 0.8246 0.9172 0.6758 0.9191 0.8409 2
0.9510 0.8137 0.8133 0.8274 0.8404 0.8532 0.8453 0.7668 0.8385 0.8908 2
0.9072 0.7822 0.8120 0.8298 0.8602 0.8298 0.8972 0.8677 0.9537 0.8110 2
0.9403 0.8130 0.8809 0.9156 0.9126 0.8354 0.9378 0.8422 0.9122 0.9276 2
0.9070 0.8022 0.8662 0.7930 0.8359 0.8214 0.9380 0.8134 0.8624 0.9451 2
0.8268 0.7845 0.8419 0.7842 0.8635 0.8995 0.9305 0.7486 0.9056 0.9000 2
0.9875 0.8208 0.7908 0.8549 0.9186 0.7652 0.8916 0.9130 0.8838 0.8667 2
0.9533 0.9274 0.8238 0.8796 0.9138 0.9261 0.8408 0.8775 0.8671 0.8725 2
0.8429 0.8685 0.8456 0.8655 0.7860 0.9494 0.8484 0.7939 0.8913 0.8220 2
0.8824 0.9067 0.8771 0.8390 0.9263 0.7498 0.7851 0.7682 0.9153 0.8248 2
0.9511 0.7970 0.8958 0.8003 0.9003 0.7950 0.9120 0.8526 0.8288 0.7997 2
0.9246 0.9279 0.8746 0.8930 0.9252 0.8484 0.8695 0.8317 0.9065 0.8942 2
0.9086 0.8310 0.8517 0.8968 0.8495 0.9592 0.8891 0.8229 0.9461 0.8561 2
0.8785 0.8130 0.8630 0.9078 0.9239 0.8782 0.9311 0.8405 0.8704 0.8584 2
0.8507 0.9113 0.8640 0.8994 0.9287 0.9149 0.9011 0.8005 0.8797 0.8474 2
0.8899 0.7638 0.8040 0.7574 0.8950 0.9163 0.9074 0.7422 0.8774 0.8270 2
0.8765 0.8930 0.8670 0.8022 0.8772 0.8887 0.8868 0.8471 0.9166 0.8802 2
0.8809 0.8901 0.7793 0.8575 0.8714 0.7635 0.8335 0.7879 0.8801 0.7870 2
0.8719 0.8143 0.9010 0.9165 0.8565 0.8642 0.9037 0.8809 0.9286 0.8607 2
0.9279 0.8300 0.8501 0.8587 0.8815 0.7813 0.8687 0.8593 0.9339 0.8223 2
0.8791 0.7527 0.8570 0.9376 0.8815 0.8638 0.9497 0.8116 0.8365 0.8774 2
0.8733 0.8333 0.8315 0.9018 0.8280 0.8983 0.8401 0.8289 0.9587 0.8160 2
0.8897 0.7459 0.8428 0.8682 0.8478 0.8325 0.9174 0.7789 0.9023 0.8451 2
0.8324 0.8522 0.8796 0.7766 0.9037 0.8828 0.9041 0.8968 0.8903 0.8228 2
0.9324 0.8022 0.8073 0.8694 0.8291 0.8349 0.8929 0.8227 0.8778 0.8681 2
0.9161 0.8486 0.7344 0.8400 0.8540 0.8577 0.8586 0.7797 0.8461 0.8276 2
0.9134 0.8114 0.9047 0.7164 0.9058 0.8753 0.9133 0.8649 0.9039 0.9030 2
0.8799 1.0000 0.8358 0.7889 0.9231 0.8782 0.9268 0.8570 0.9638 0.8386 2
0.9427 0.9074 0.8126 0.9116 0.9360 0.8112 0.9130 0.8956 0.8559 0.8195 2
0.9046 0.8767 0.8404 0.8411 0.8086 0.8447 0.8467 0.8724 0.8372 0.8215 2
0.8347 0.8183 0.8550 0.8919 0.9318 0.9719 0.8258 0.8291 0.9220 0.8473 2