0.3086 0.1203 1
0.2939 0.0562 1
0.2664 0.0827 1
0.3164 0.1160 1
0.2343 0.0476 1
0.2639 0.0896 1
0.3018 0.0602 1
0.3052 0.0734 1
0.2388 0.1050 1
0.3223 0.1434 1
0.2850 0.0881 1
0.2936 0.0793 1
0.2515 0.0778 1
0.2980 0.0870 1
0.2548 0.0663 1
0.3058 0.0816 1
0.2502 0.0787 1
0.2737 0.1009 1
0.2953 0.1083 1
0.3016 0.0656 1
0.2550 0.1151 1
0.3051 0.1156 1
0.2798 0.0568 1
0.2749 0.1557 1
0.2629 0.1861 1
0.2702 0.1273 1
0.2949 0.1378 1
0.2770 0.0338 1
0.2534 0.1145 1
0.2467 0.0973 1
0.2316 0.0466 1
0.2748 0.1222 1
0.2329 0.1285 1
0.2844 0.0721 1
0.2857 0.0738 1
0.3024 0.0890 1
0.3143 0.0313 1
0.2377 0.0850 1
0.2554 0.0699 1
0.2685 0.1432 1
0.2730 0.0468 1
0.2862 0.1225 1
0.2577 0.1408 1
0.2853 0.1052 1
0.2897 0.1268 1
0.2921 0.1268 1
0.2853 0.0766 1
0.2886 0.1173 1
0.2264 0.1130 1
0.2951 0.1850 1
0.2509 0.0346 1
0.2711 0.0087 1
0.2834 0.1609 1
0.3434 0.0682 1
0.2397 0.0297 1
0.2828 0.0552 1
0.3368 0.0325 1
0.2467 0 1
0.3174 0.1287 1
0.2577 0.1115 1
0.3111 0.1438 1
0.3526 0.1019 1
0.2848 0.0808 1
0.2650 0.1186 1
0.2608 0.1409 1
0.2421 0.1081 1
0.2609 0.0757 1
0.2839 0.0822 1
0.2794 0.0987 1
0.3379 0.0708 1
0.2780 0.1022 1
0.2824 0.1174 1
0.2203 0.0858 1
0.2288 0.0622 1
0.3045 0.0853 1
0.2637 0.0579 1
0.2527 0.0906 1
0.2823 0.1188 1
0.2754 0.0880 1
0.2967 0.1486 1
0.2940 0.1188 1
0.2671 0.0690 1
0.2829 0.1466 1
0.2538 0.1113 1
0.2800 0.0586 1
0.2406 0.1776 1
0.2653 0.1192 1
0.2597 0.0981 1
0.2658 0.0690 1
0.2787 0.0240 1
0.2749 0.0536 1
0.3334 0.1080 1
0.2383 0.0988 1
0.2905 0.0669 1
0.2191 0.0867 1
0.2764 0.0630 1
0.2391 0.0779 1
0.2725 0.0885 1
0.3025 0.0457 1
0.3359 0.0803 1
0.5076 0.3975 2
0.5924 0.3382 2
0.5862 0.3785 2
0.5592 0.3675 2
0.6195 0.2904 2
0.5873 0.3450 2
0.5509 0.3005 2
0.5341 0.3029 2
0.5425 0.3651 2
0.5978 0.3835 2
0.5955 0.3667 2
0.5919 0.3181 2
0.5609 0.3469 2
0.5302 0.3371 2
0.5205 0.4150 2
0.5558 0.4335 2
0.5452 0.4396 2
0.5952 0.3163 2
0.5519 0.2885 2
0.6202 0.3718 2
0.5987 0.4100 2
0.6040 0.3580 2
0.6273 0.3694 2
0.5675 0.3513 2
0.5626 0.3588 2
0.6034 0.4316 2
0.5693 0.3696 2
0.5484 0.3066 2
0.5737 0.4047 2
0.5964 0.3734 2
0.5076 0.3468 2
0.5603 0.4074 2
0.4895 0.3261 2
0.5461 0.3630 2
0.5206 0.3919 2
0.5867 0.3505 2
0.5959 0.3767 2
0.5571 0.3588 2
0.5537 0.3601 2
0.5906 0.3816 2
0.5844 0.3343 2
0.5533 0.3317 2
0.5303 0.3521 2
0.5525 0.3904 2
0.5836 0.4216 2
0.5466 0.2441 2
0.5748 0.3720 2
0.5750 0.3358 2
0.5578 0.4048 2
0.5711 0.3551 2
0.5478 0.3838 2
0.5764 0.3753 2
0.5215 0.3611 2
0.5442 0.3735 2
0.5738 0.3680 2
0.5991 0.2909 2
0.5775 0.3574 2
0.5839 0.3556 2
0.5562 0.3141 2
0.5719 0.3167 2
0.5976 0.3710 2
0.5532 0.3581 2
0.5775 0.2960 2
0.5953 0.3588 2
0.5743 0.3617 2
0.5555 0.3651 2
0.5673 0.3603 2
0.5872 0.3343 2
0.5755 0.3650 2
0.6159 0.3561 2
0.5681 0.4007 2
0.5858 0.3505 2
0.5907 0.3357 2
0.5676 0.3068 2
0.5684 0.3712 2
0.5809 0.3429 2
0.6236 0.4758 2
0.5555 0.3811 2
0.5391 0.4083 2
0.5828 0.3925 2
0.5690 0.3379 2
0.5630 0.2849 2
0.5787 0.3785 2
0.5934 0.3583 2
0.5874 0.3649 2
0.5721 0.3772 2
0.6050 0.3273 2
0.5510 0.3544 2
0.5766 0.3012 2
0.5609 0.3297 2
0.6145 0.4313 2
0.5528 0.3580 2
0.5611 0.3774 2
0.5333 0.2994 2
0.5873 0.3584 2
0.5139 0.3926 2
0.5254 0.3246 2
0.5275 0.3910 2
0.5587 0.3993 2
0.5570 0.3573 2
0.5587 0.3601 2
0.5817 0.4120 2
0.5283 0.3441 2
0.5865 0.3102 2
0.5973 0.3600 2
0.5339 0.3629 2
0.5956 0.3550 2
0.5583 0.3267 2
0.5752 0.3244 2
0.5454 0.3524 2
0.5967 0.3444 2
0.5723 0.3591 2
0.5598 0.3387 2
0.5875 0.3373 2
0.5755 0.3479 2
0.5447 0.3597 2
0.5848 0.3183 2
0.5687 0.3953 2
0.5549 0.3057 2
0.5192 0.3468 2
0.5689 0.3592 2
0.5901 0.3506 2
0.5985 0.3714 2
0.6240 0.3127 2
0.5571 0.3949 2
0.6067 0.3429 2
0.6224 0.3781 2
0.5861 0.3341 2
0.5349 0.3379 2
0.5759 0.3333 2
0.5872 0.3667 2
0.5983 0.3149 2
0.5990 0.3049 2
0.5350 0.3762 2
0.5282 0.3232 2
0.5211 0.3166 2
0.5895 0.4030 2
0.5612 0.3742 2
0.5463 0.3593 2
0.6072 0.3202 2
0.5371 0.3653 2
0.5504 0.3297 2
0.5751 0.3654 2
0.5556 0.3420 2
0.5915 0.3688 2
0.5964 0.3470 2
0.5493 0.3598 2
0.5896 0.3547 2
0.5630 0.3598 2
0.5731 0.3781 2
0.5404 0.3486 2
0.5921 0.3079 2
0.5938 0.3011 2
0.5730 0.3463 2
0.5937 0.3314 2
0.5811 0.3542 2
0.6112 0.3388 2
0.5999 0.4479 2
0.5758 0.3504 2
0.6115 0.3801 2
0.6366 0.2658 2
0.5335 0.3247 2
0.5515 0.3830 2
0.5904 0.3270 2
0.5522 0.3537 2
0.5846 0.3402 2
0.5770 0.3377 2
0.5997 0.3924 2
0.6093 0.3678 2
0.5732 0.3691 2
0.5933 0.3758 2
0.5917 0.4130 2
0.6345 0.2812 2
0.5939 0.3418 2
0.5896 0.4377 2
0.5816 0.3992 2
0.5406 0.2768 2
0.5987 0.3607 2
0.5436 0.3700 2
0.6118 0.3219 2
0.5279 0.3764 2
0.5896 0.4291 2
0.5966 0.3250 2
0.5815 0.3364 2
0.5519 0.3795 2
0.5955 0.3900 2
0.5742 0.3322 2
0.5626 0.3373 2
0.5789 0.3600 2
0.5345 0.3787 2
0.5765 0.4342 2
0.5713 0.3267 2
0.5664 0.2859 2
0.5952 0.2965 2
0.5831 0.3626 2
0.6062 0.3903 2
0.5410 0.3196 2
0.5893 0.3557 2
0.5438 0.3660 2
0.5788 0.3693 2
0.8559 0.9246 3
0.9213 0.8683 3
0.9186 0.8471 3
0.9343 0.8816 3
0.9243 0.9272 3
0.9018 0.9272 3
0.9195 0.8934 3
0.9183 0.9262 3
0.8754 0.9047 3
0.9462 0.8909 3
0.9155 0.9174 3
0.9297 0.8020 3
0.8872 0.8864 3
0.8743 0.8729 3
0.8887 0.8614 3
0.8554 0.9052 3
0.9041 0.9319 3
0.9523 0.8773 3
0.8844 0.8755 3
0.9017 0.9326 3
0.8826 0.9012 3
0.9107 0.9032 3
0.9055 0.8881 3
0.9385 0.8786 3
0.9105 0.8361 3
0.9257 0.8648 3
0.9443 0.8779 3
0.9072 0.8785 3
0.8811 0.8864 3
0.8884 0.8811 3
0.9013 0.8983 3
0.9049 0.8917 3
0.9589 0.8860 3
0.9276 0.8951 3
0.9191 0.9529 3
0.8870 0.9620 3
0.9232 0.9822 3
0.8886 0.9252 3
0.9133 0.9269 3
0.8632 0.9158 3
0.8604 0.8313 3
0.9310 0.8686 3
0.9160 0.9185 3
0.9234 0.8981 3
0.9051 0.9114 3
0.9013 0.9010 3
0.9219 0.9252 3
0.8740 0.9527 3
0.8980 0.8936 3
0.9437 0.9145 3
0.9485 0.8813 3
0.9324 0.8654 3
0.8910 0.8689 3
0.9100 0.8911 3
0.8963 0.8802 3
0.9017 0.8945 3
0.9346 0.9114 3
0.9048 0.9526 3
0.8675 0.9540 3
0.9141 0.9391 3
0.9285 0.8725 3
0.9382 0.9496 3
0.8920 0.9652 3
0.8809 0.8659 3
0.9378 0.9014 3
0.8847 0.9108 3
0.9160 0.9097 3
0.9150 0.8943 3
0.8887 0.9289 3
0.8684 0.9231 3
0.9347 0.9103 3
0.9505 0.9098 3
0.9038 0.9094 3
0.8511 0.8977 3
0.8732 0.8709 3
0.8944 0.9052 3
0.9189 0.9054 3
0.9317 0.9484 3
0.9249 0.8872 3
0.9408 0.8838 3
0.9173 0.8785 3
0.8706 0.9352 3
0.8835 0.9359 3
0.9173 0.9547 3
0.8936 0.9207 3
0.8524 0.8760 3
0.9270 0.8301 3
0.9430 0.9498 3
0.8980 0.8797 3
0.9031 0.8865 3
0.8838 0.8873 3
0.9297 0.8417 3
0.9004 0.9061 3
0.9237 0.9127 3
0.8910 0.8516 3
0.8776 0.8459 3
0.9094 0.8646 3
0.9240 0.8729 3
0.9623 0.9185 3
0.9629 0.8956 3
0.9654 0.8615 3
0.8967 0.8094 3
0.9774 0.8816 3
0.8721 0.8676 3
0.8929 0.8754 3
0.8574 0.8991 3
0.9020 0.8201 3
0.8490 0.9107 3
0.9134 0.8330 3
0.9281 0.8132 3
0.9209 0.8664 3
0.9053 0.8882 3
0.9071 0.9249 3
0.9144 0.8909 3
0.8714 0.8867 3
0.9211 0.8914 3
0.8767 0.9353 3
0.8635 0.9761 3
0.9355 0.8667 3
0.8759 0.9146 3
0.9012 0.8706 3
0.9207 0.8679 3
0.9342 0.8779 3
0.8953 0.9266 3
0.9175 0.8520 3
0.9065 0.8584 3
0.9430 0.9327 3
0.9234 0.9209 3
0.8993 0.8401 3
0.9493 0.8814 3
1.0000 0.8961 3
0.9363 0.8662 3
0.8813 0.8855 3
0.9294 0.8264 3
0.9004 0.8530 3
0.9242 0.8817 3
0.9090 0.8834 3
0.8975 0.8925 3
0.8883 0.9413 3
0.8997 0.8582 3
0.8554 0.8687 3
0.9077 0.8935 3
0.9133 0.8496 3
0.8580 0.8952 3
0.9143 0.9133 3
0.9191 0.8796 3
0.9044 0.8927 3
0.9145 0.9033 3
0.9400 0.8209 3
0.9318 0.8712 3
0.9018 0.8903 3
0.9189 0.9196 3
0.8367 0.8117 3
0.9286 0.9102 3
0.9218 0.9043 3
0.8924 0.8732 3
0.9194 0.8624 3
0.9343 0.9472 3
0.8526 0.9055 3
0.8587 0.9107 3
0.9348 0.9104 3
0.9114 0.9505 3
0.9459 0.8606 3
0.9157 0.8156 3
0.9382 0.8717 3
0.9166 0.8830 3
0.8737 0.9260 3
0.9355 0.9120 3
0.8900 0.8667 3
0.9227 0.8621 3
0.9001 0.9017 3
0.9186 0.8831 3
0.8522 0.8693 3
0.9255 0.9046 3
0.8784 0.9175 3
0.8796 0.8905 3
0.9001 0.8896 3
0.9396 0.9294 3
0.8955 0.9117 3
0.9094 0.8500 3
0.9290 0.8499 3
0.9130 0.8561 3
0.8876 0.8391 3
0.9010 0.8833 3
0.9057 0.8795 3
0.8840 0.8727 3
0.9042 0.8948 3
0.9098 0.8247 3
0.8924 0.8954 3
0.9318 0.8964 3
0.9137 0.8637 3
0.8730 0.8580 3
0.9031 0.8785 3
0.9050 0.8982 3
0.8898 0.9134 3
0.8960 0.8498 3
0.8897 0.8950 3
0.9192 0.8494 3
0.9222 0.8303 3
0.9332 0.8780 3
0.9025 0.8534 3
0.8991 0.9236 3
0.9408 0.9418 3
0.8766 0.8621 3
0.9136 0.8733 3
0.9496 0.8637 3
0.9443 0.9180 3
0.9436 0.8519 3
0.9695 0.8841 3
0.9136 0.8743 3
0.8913 0.8666 3
0.9080 0.8586 3
0.9367 0.8705 3
0.9453 0.8953 3
0.9190 0.8269 3
0.8855 0.9034 3
0.8926 0.8476 3
0.9141 0.8908 3
0.9028 0.9170 3
0.9334 0.9028 3
0.8549 0.9137 3
0.9380 0.8973 3
0.8509 0.8923 3
0.9291 0.9091 3
0.9292 0.9037 3
0.8746 0.8832 3
0.9240 0.8627 3
0.9076 0.8954 3
0.8596 0.9338 3
0.9372 0.9078 3
0.8972 0.9061 3
0.8772 0.8996 3
0.9265 0.8657 3
0.8772 0.8804 3
0.8985 0.8569 3
0.9064 0.9094 3
0.9407 0.7731 3
0.9404 0.9106 3
0.9110 0.9029 3
0.9051 0.9105 3
0.9410 0.8593 3
0.9111 0.8963 3
0.9069 0.8878 3
0.9214 0.8960 3
0.9174 0.8721 3
0.9224 0.8692 3
0.8835 0.8955 3
0.9130 0.9542 3
0.8963 0.9198 3
0.9148 0.8816 3
0.9351 0.9173 3
0.8850 0.9815 3
0.9126 0.8527 3
0.9422 0.8492 3
0.8988 0.8911 3
0.9054 0.8192 3
0.8936 0.9242 3
0.9167 0.8617 3
0.8769 0.9526 3
0.9254 0.8803 3
0.9478 0.9055 3
0.9245 0.9458 3
0.8940 0.9078 3
0.8892 0.8793 3
0.8828 1.0000 3
0.9176 0.8845 3
0.9098 0.8811 3
0.9231 0.8781 3
0.9142 0.9170 3
0.8876 0.8745 3
0.8934 0.8961 3
0.9078 0.8966 3
0.8872 0.9087 3
0.8929 0.9080 3
0.9483 0.8972 3
0.9229 0.9429 3
0.9113 0.9063 3
0.8994 0.8680 3
0.9145 0.8754 3
0.9486 0.8806 3
0.9374 0.8750 3
0.9184 0.8912 3
0.9306 0.8726 3
0.9030 0.8583 3
0.9018 0.8774 3
0.8778 0.8908 3
0.9152 0.9238 3
0.8871 0.8699 3
0.9215 0.9636 3
0.9069 0.9331 3
0.9274 0.9150 3
0.9384 0.8954 3
0.9167 0.8924 3
0.9114 0.8970 3
0.9302 0.8921 3
0.8949 0.8723 3
0.9358 0.9296 3
0.9340 0.9226 3
0.9355 0.8435 3
0.9307 0.9028 3
0.4212 0.8638 4
0.4235 0.9229 4
0.4227 0.9097 4
0.4365 0.9105 4
0.4094 0.9252 4
0.3888 0.8298 4
0.4264 0.9049 4
0.4215 0.8800 4
0.3994 0.8767 4
0.4540 0.8836 4
0.4564 0.8602 4
0.4570 0.8801 4
0.4359 0.8879 4
0.4751 0.8409 4
0.4762 0.9053 4
0.4456 0.8902 4
0.4171 0.8767 4
0.4560 0.9197 4
0.4418 0.8603 4
0.4779 0.8648 4
0.4208 0.8952 4
0.4274 0.8416 4
0.4642 0.8517 4
0.4215 0.8897 4
0.4335 0.8557 4
0.4585 0.9118 4
0.4379 0.8331 4
0.4580 0.9613 4
0.4604 0.8889 4
0.4365 0.9089 4
0.4373 0.8573 4
0.4557 0.9299 4
0.4678 0.8711 4
0.4627 0.8885 4
0.3898 0.8899 4
0.4555 0.8888 4
0.4488 0.8848 4
0.4798 0.8886 4
0.4305 0.9147 4
0.5021 0.8934 4
0.4026 0.8845 4
0.4701 0.8642 4
0.4504 0.8389 4
0.4660 0.8760 4
0.4827 0.8501 4
0.4668 0.8678 4
0.4100 0.8887 4
0.4517 0.9301 4
0.4503 0.9046 4
0.4348 0.8923 4
0.4368 0.9320 4
0.4497 0.8745 4
0.4561 0.8799 4
0.4300 0.8635 4
0.4515 0.8586 4
0.4896 0.9076 4
0.4684 0.8916 4
0.4438 0.8969 4
0.4381 0.8695 4
0.4561 0.8927 4
0.4723 0.9115 4
0.4370 0.8718 4
0.4079 0.9165 4
0.4497 0.9083 4
0.4599 0.9022 4
0.3910 0.9179 4
0.4499 0.8880 4
0.4176 0.9514 4
0.5016 0.8869 4
0.4642 0.8399 4
0.5032 0.9468 4
0.4467 0.8830 4
0.4277 0.9037 4
0.4607 0.8476 4
0.4525 0.8918 4
0.4671 0.8933 4
0.4478 0.9119 4
0.4037 0.8651 4
0.4293 0.9156 4
0.4102 0.8941 4
0.4284 0.9328 4
0.4426 0.8477 4
0.4841 0.9310 4
0.4099 0.9458 4
0.4719 0.9148 4
0.4192 0.8571 4
0.4235 0.8268 4
0.4281 0.8789 4
0.4111 0.8196 4
0.4609 0.9199 4
0.4829 0.8446 4
0.4354 0.9160 4
0.4564 0.8795 4
0.4283 0.8901 4
0.4725 0.8879 4
0.4675 0.8724 4
0.4698 0.9348 4
0.4950 0.8721 4
0.4422 0.8444 4
0.4241 0.9437 4
0.8213 0.1403 5
0.7960 0.0747 5
0.8410 0.1273 5
0.8171 0.0775 5
0.7694 0.0404 5
0.8299 0.0714 5
0.7870 0.1072 5
0.8254 0.0226 5
0.8522 0.0974 5
0.7931 0.1233 5
0.8456 0.1048 5
0.8427 0.1384 5
0.8388 0.0860 5
0.8272 0.0625 5
0.7964 0.0054 5
0.8246 0.1020 5
0.8333 0.0927 5
0.8069 0.0006 5
0.8197 0.1610 5
0.8514 0.0877 5
0.8599 0.0625 5
0.7999 0.0592 5
0.7950 0.0809 5
0.8568 0.1161 5
0.8837 0.0115 5
0.8884 0.1243 5
0.7894 0.1728 5
0.8483 0.0853 5
0.8356 0.1509 5
0.8506 0.1127 5
0.8393 0.0895 5
0.8257 0.0794 5
0.8356 0.0808 5
0.8248 0.0890 5
0.8194 0.1268 5
0.8299 0.1014 5
0.8049 0.1106 5
0.7991 0.0898 5
0.7779 0.0993 5
0.8413 0.0899 5
0.8267 0.0549 5
0.8122 0.1402 5
0.8285 0.0837 5
0.8834 0.0507 5
0.7874 0.0689 5
0.7924 0.1083 5
0.8242 0.1179 5
0.8227 0.0972 5
0.8379 0.0871 5
0.7636 0.1322 5
0.8071 0.1356 5
0.7939 0.1145 5
0.8166 0.0726 5
0.7824 0.0449 5
0.7983 0.0757 5
0.8319 0.0746 5
0.8436 0.1081 5
0.8357 0.0943 5
0.8080 0.0756 5
0.8522 0.0956 5
0.8427 0.0586 5
0.8091 0.0991 5
0.8059 0.0834 5
0.8366 0.1224 5
0.8336 0.1236 5
0.8455 0.1095 5
0.8568 0.0436 5
0.8352 0.1338 5
0.8446 0.1183 5
0.8149 0.0871 5
0.7922 0.0678 5
0.8043 0.1277 5
0.8104 0.0816 5
0.8733 0.0673 5
0.8132 0.1320 5
0.8139 0.0605 5
0.8274 0.1005 5
0.7918 0.0543 5
0.8220 0.0836 5
0.8407 0.0971 5
0.7673 0.0617 5
0.8824 0.1171 5
0.8139 0.0999 5
0.7768 0.0936 5
0.8355 0.1097 5
0.8786 0.1597 5
0.8150 0.0588 5
0.7755 0.0508 5
0.8078 0.0581 5
0.8432 0.1227 5
0.7940 0.0717 5
0.8583 0.0652 5
0.8474 0.0349 5
0.8568 0.0776 5
0.7965 0.0417 5
0.8477 0.1509 5
0.8689 0.0868 5
0.8614 0.1255 5
0.8400 0.1314 5
0.8244 0.1305 5
0.0560 0.5685 6
0.0776 0.6706 6
0.0288 0.6476 6
0.0664 0.6055 6
0.0520 0.6433 6
0.0765 0.6047 6
0.0880 0.5716 6
0.0800 0.6729 6
0.0746 0.5890 6
0.0617 0.6960 6
0.0916 0.6352 6
0.0301 0.5803 6
0.0254 0.6656 6
0.0778 0.6322 6
0.1095 0.6114 6
0.0522 0.6485 6
0.0683 0.5714 6
0.0307 0.5884 6
0.0452 0.6049 6
0.0676 0.6245 6
0.0596 0.5996 6
0.1142 0.6120 6
0.0604 0.6233 6
0.0708 0.6153 6
0.0498 0.6083 6
0.0574 0.6813 6
0.0783 0.6509 6
0.0805 0.6447 6
0.0732 0.5982 6
0.0738 0.5894 6
0.1031 0.6207 6
0.0816 0.6509 6
0.1074 0.6014 6
0.0675 0.5830 6
0.0568 0.5530 6
0.0945 0.6397 6
0.0369 0.6197 6
0.0417 0.6099 6
0.0511 0.6143 6
0.0444 0.6468 6
0.0553 0.6728 6
0.0405 0.6274 6
0.0666 0.5926 6
0.0744 0.6171 6
0.0320 0.6540 6
0.0595 0.6278 6
0.0612 0.6441 6
0.0678 0.5806 6
0.0487 0.6253 6
0.0514 0.6048 6
0.0604 0.5473 6
0.0665 0.6170 6
0.0665 0.5838 6
0.0531 0.6142 6
0.0767 0.6086 6
0.0837 0.5923 6
0.0644 0.6243 6
0.0578 0.6179 6
0.0959 0.6802 6
0.0947 0.6320 6
0.0866 0.6738 6
0.1096 0.6882 6
0.0732 0.6202 6
0.0874 0.6678 6
0.0487 0.6481 6
0.0552 0.6354 6
0.0822 0.5715 6
0.1071 0.5957 6
0.0801 0.6897 6
0.0803 0.5970 6
0.0824 0.5513 6
0.0486 0.6084 6
0.0476 0.6435 6
0.0878 0.6135 6
0.0900 0.6135 6
0.0728 0.6611 6
0.1016 0.6452 6
0.0627 0.6773 6
0.0726 0.6433 6
0.0570 0.6351 6
0.0742 0.6231 6
0.0781 0.6167 6
0.0617 0.6173 6
0.0551 0.6819 6
0.0847 0.6673 6
0.0847 0.6859 6
0.0431 0.5310 6
0.0438 0.5862 6
0.0439 0.6595 6
0.0463 0.6285 6
0.0764 0.6829 6
0.0880 0.5782 6
0.1290 0.6151 6
0.0835 0.6361 6
0.0796 0.6519 6
0.0552 0.6077 6
0.0461 0.6487 6
0.0938 0.6690 6
0.0639 0.6596 6
0.0511 0.7021 6
0.0799 0.6184 6
0.0918 0.5432 6
0.0598 0.6333 6
0.0489 0.7025 6
0.0285 0.5727 6
0.1350 0.6670 6
0.0871 0.6595 6
0.0458 0.6199 6
0.0593 0.5851 6
0.0889 0.6257 6
0.0675 0.6453 6
0.0983 0.6371 6
0.0712 0.6734 6
0.0892 0.6045 6
0.1277 0.6158 6
0.0693 0.5893 6
0.0397 0.6112 6
0.1168 0.6137 6
0.0489 0.6086 6
0.0882 0.6466 6
0.0794 0.6837 6
0.0840 0.6647 6
0.0408 0.7019 6
0.1118 0.5948 6
0.0669 0.5936 6
0.1080 0.5666 6
0.0533 0.6017 6
0.1026 0.6118 6
0.0858 0.6752 6
0.0872 0.6072 6
0.0684 0.6006 6
0.0967 0.6135 6
0.0815 0.5824 6
0.0831 0.6661 6
0.0611 0.5703 6
0.0576 0.6523 6
0.0561 0.5949 6
0.0539 0.6397 6
0.0803 0.6259 6
0.0620 0.5896 6
0.0438 0.6749 6
0.0869 0.6515 6
0.0515 0.6006 6
0.0795 0.6794 6
0.0808 0.6005 6
0.0774 0.6412 6
0.1124 0.6097 6
0.0761 0.6823 6
0.0801 0.6583 6
0.0940 0.5800 6
0.0697 0.6598 6
0.0579 0.6123 6
0.0706 0.7000 6
0.0411 0.6150 6
0.0196 0.6420 6
0.0622 0.5780 6
0.1007 0.6040 6
0.0468 0.5526 6
0 0.6168 6
0.1068 0.6638 6
0.0957 0.6101 6
0.0819 0.6167 6
0.0914 0.6162 6
0.0749 0.6300 6
0.0920 0.5927 6
0.0781 0.6235 6
0.0300 0.5894 6
0.0924 0.5729 6
0.0658 0.6073 6
0.0878 0.6103 6
0.0732 0.5734 6
0.1093 0.6507 6
0.0521 0.6608 6
0.0952 0.5861 6
0.0783 0.6473 6
0.0735 0.6096 6
0.0411 0.6149 6
0.1004 0.6637 6
0.0689 0.5832 6
0.0650 0.6536 6
0.0618 0.5861 6
0.0575 0.6251 6
0.0387 0.6151 6
0.0100 0.6544 6
0.0310 0.6367 6
0.0671 0.6322 6
0.0757 0.6221 6
0.0969 0.6564 6
0.0619 0.6252 6
0.0357 0.6310 6
0.0732 0.6788 6
0.0760 0.6151 6
0.0708 0.6749 6
0.0512 0.6520 6
0.0787 0.6405 6
0.0383 0.6156 6
0.0467 0.5635 6
0.0781 0.6337 6
0.0839 0.5851 6
0.0708 0.6301 6