0.1376 0.1605 0.1070 0.1695 0.1787 1
0.0835 0.0812 0.1741 0.1088 0.1037 1
0.0627 0.1188 0.1508 0.1591 0.1839 1
0.1769 0.1265 0.1011 0.1852 0.1134 1
0.0810 0.1060 0.1222 0.1274 0.1721 1
0.0567 0.1471 0.1738 0.0418 0.1433 1
0.1538 0.1445 0.1613 0.1517 0.2068 1
0.0889 0.1078 0.1413 0.0513 0.1669 1
0.0912 0.1888 0.1738 0.1169 0.2065 1
0.0985 0.1026 0.2437 0.1711 0.1182 1
0.1519 0.1475 0.1906 0.1283 0.2542 1
0.2019 0.1602 0.1072 0.1642 0.1028 1
0 0.1145 0.0743 0.0598 0.1514 1
0.0711 0.0466 0.1244 0.1018 0.0828 1
0.1656 0.1126 0.1702 0.1565 0.1886 1
0.1434 0.0559 0.0565 0.0272 0.1354 1
0.1374 0.0987 0.2361 0.1326 0.1492 1
0.0532 0.1768 0.1870 0.1506 0.0933 1
0.1338 0.1129 0.1331 0.1357 0.1572 1
0.1342 0.0869 0.1348 0.1226 0.1138 1
0.1237 0.1300 0.1913 0.1862 0.1708 1
0.0758 0.1501 0.2077 0.1712 0.1463 1
0.1456 0.0933 0.1308 0.1139 0.1311 1
0.1106 0.0177 0.0838 0.1271 0.1422 1
0.1905 0.0447 0.1356 0.0942 0.1624 1
0.1544 0.1138 0.1267 0.1026 0.1256 1
0.0436 0.0334 0.1932 0.0866 0.0703 1
0.1372 0.1222 0.1778 0.1044 0.1253 1
0.0943 0.0585 0.1709 0.1265 0.1855 1
0.1036 0.1865 0.1663 0.0971 0.1463 1
0.1344 0.1381 0.1429 0.1018 0.1901 1
0.1239 0.1521 0.1635 0.1239 0.1591 1
0.0609 0.1600 0.1451 0.0957 0.0916 1
0.0770 0.0780 0.2049 0.0788 0.0879 1
0.1092 0.1173 0.1327 0.1083 0.1638 1
0.1036 0.1852 0.2281 0.1728 0.0934 1
0.1251 0.1048 0.0877 0.1427 0.0764 1
0.1077 0.1109 0.1248 0.1302 0.1913 1
0.2342 0.0571 0.1688 0.0925 0.1748 1
0.0519 0.0860 0.2103 0.0977 0.1313 1
0.1418 0.0524 0.2118 0.1939 0.1711 1
0.2266 0.1301 0.1209 0.1259 0.1340 1
0.1354 0.0663 0.1137 0.1347 0.2582 1
0.1914 0.0916 0.0622 0.0986 0.1237 1
0.0191 0.1659 0.1413 0.0925 0.1438 1
0.1574 0.1240 0.1811 0.1721 0.1371 1
0.1084 0.0614 0.1366 0.1743 0.0803 1
0.1495 0.1998 0.1988 0.0464 0.0454 1
0.1264 0.1046 0.1258 0.0713 0.0994 1
0.1720 0.1935 0.1472 0.1338 0.1189 1
0.0617 0.0463 0.0988 0.0571 0.2195 1
0.0547 0.0741 0.1689 0.1657 0.1621 1
0.1692 0.0883 0.1315 0.1476 0.1290 1
0.1571 0.0093 0.1978 0.0811 0.1655 1
0.0858 0.0999 0.1080 0.0201 0.1593 1
0.1106 0.1171 0.1613 0.0863 0.2414 1
0.1943 0.2172 0.1857 0.0693 0.2187 1
0.1083 0.1947 0.0564 0.1586 0.1256 1
0.1889 0.0692 0.1403 0.0865 0.1119 1
0.1539 0.1765 0.1170 0.1479 0.0609 1
0.1000 0.1231 0.1246 0.1124 0.1626 1
0.1597 0.1323 0.1715 0.1101 0.1167 1
0.1526 0.0127 0.2010 0.0559 0.2521 1
0.1248 0.1590 0.1215 0.1810 0.0598 1
0.1255 0.0678 0.2358 0.1618 0.1703 1
0.1497 0.0591 0.1652 0.1428 0.1207 1
0.0802 0.0783 0.1819 0.1096 0.1310 1
0.2473 0.1413 0.1823 0.0693 0.1545 1
0.1590 0.1326 0.2191 0.1420 0.1177 1
0.1009 0.1379 0.1604 0.1695 0.2165 1
0.1099 0.1225 0.1614 0.0990 0.1290 1
0.0386 0.2071 0.0986 0.1124 0.1788 1
0.1061 0.1130 0.1167 0.1495 0.1158 1
0.0947 0.1718 0.1366 0.2146 0.0985 1
0.1487 0.0968 0.1084 0.1634 0.0779 1
0.0854 0.1110 0.1292 0.0951 0.1197 1
0.1237 0.1132 0.1560 0.1529 0.2572 1
0.0762 0.1636 0.2092 0.1677 0.1076 1
0.2024 0.0788 0.1057 0.0368 0.1776 1
0.1160 0.1521 0.0466 0.0622 0.1127 1
0.0602 0.1775 0.1580 0.1310 0.0530 1
0.1030 0.0712 0.1642 0.1670 0.1115 1
0.0673 0.0785 0.1440 0.1203 0.0638 1
0.1539 0.0469 0.1039 0.0587 0.0484 1
0.1453 0.1234 0.1646 0.0692 0.2161 1
0.1131 0.1739 0.2276 0.1446 0.0691 1
0.1564 0.0483 0.1958 0.1789 0.2000 1
0.1153 0.1141 0.1255 0.0428 0.1831 1
0.1484 0.0841 0.1044 0.0877 0.1398 1
0.1229 0.1956 0.1297 0.0662 0.1438 1
0.1691 0.1258 0.1589 0.1342 0.1471 1
0.0203 0.0557 0.2128 0.1926 0.1211 1
0.1593 0.1155 0.1353 0.1638 0.1697 1
0.0847 0.1407 0.0651 0.0641 0.1201 1
0.1095 0.1666 0.0979 0.1645 0.1016 1
0.0694 0.0977 0.1403 0.0728 0.1450 1
0.2022 0.1729 0.2102 0.1875 0.1924 1
0.1081 0.1052 0.1619 0.0609 0.1627 1
0.1370 0.0829 0.1203 0.0326 0.1408 1
0.1683 0.1739 0.1712 0.0964 0.1307 1
0.0522 0.1817 0.2260 0.0922 0.1618 1
0.1304 0.0965 0.2095 0.1449 0.1053 1
0.1864 0.1510 0.2267 0.0993 0.0745 1
0.1459 0.2175 0.1094 0.1216 0.1629 1
0.1750 0.1223 0.0723 0.1318 0.1165 1
0.1430 0.2092 0.1788 0.1523 0.1737 1
0.0752 0.1210 0.2299 0.1150 0.1156 1
0.1834 0.1504 0.1880 0.1009 0.1836 1
0.0675 0.1387 0.1472 0 0.1481 1
0.1335 0.1182 0.1443 0.1733 0.1597 1
0.1519 0.1287 0.1561 0.1093 0.1679 1
0.1793 0.0725 0.2250 0.1374 0.1870 1
0.0861 0.1874 0.2011 0.1392 0.0782 1
0.0080 0.1755 0.0729 0.1674 0.2421 1
0.1469 0.1205 0.1107 0.1730 0.1055 1
0.0963 0.0921 0.1389 0.1573 0.2272 1
0.0888 0.0284 0.1895 0.0665 0.1571 1
0.0926 0.1130 0.1978 0.1654 0.0323 1
0.1185 0.0846 0.1750 0.0418 0.1343 1
0.1831 0.1407 0.1466 0.1629 0.1058 1
0.1492 0.1680 0.1420 0.0810 0.1034 1
0.1810 0.0396 0.1843 0.1037 0.1997 1
0.1583 0.1419 0.1620 0.0890 0.1766 1
0.0576 0.0159 0.1407 0.1931 0.1323 1
0.1815 0.1384 0.1803 0.0831 0.1092 1
0.1838 0.0935 0.1373 0.1685 0.1667 1
0.0847 0.0480 0.0691 0.1446 0.1506 1
0.1822 0.1237 0.1775 0.0513 0.1381 1
0.1189 0.1214 0.1879 0.1626 0.1775 1
0.1386 0.1220 0.1110 0.1016 0.2275 1
0.0764 0.0828 0.1272 0.1207 0.1684 1
0.1637 0.1384 0.0850 0.0810 0.1352 1
0.1363 0.1158 0.1291 0.1377 0.0992 1
0.1131 0.1173 0.1532 0.0582 0.1276 1
0.1768 0.0589 0.0906 0.1195 0.1620 1
0.0883 0.1866 0.1806 0.0909 0.1310 1
0.1988 0.1093 0.1589 0.1008 0.1432 1
0.1218 0.1029 0.2105 0.1478 0.1030 1
0.1587 0.1694 0.1400 0.0944 0.0876 1
0.1035 0.1249 0.1530 0.0679 0.0679 1
0.1439 0.0910 0.1274 0.2127 0.1097 1
0.0711 0.0495 0.1475 0.1160 0.1399 1
0.0735 0.0962 0.1636 0.1580 0.1144 1
0.1679 0.1280 0.1383 0.1961 0.0705 1
0.1303 0.1355 0.0901 0.1335 0.1328 1
0.1841 0.0767 0.1284 0.1536 0.1876 1
0.2243 0.1031 0.0773 0.1680 0.1465 1
0.1657 0.1034 0.1406 0.0919 0.1670 1
0.0704 0.0663 0.1632 0.1118 0.0636 1
0.1408 0.0115 0.1882 0.0839 0.1234 1
0.0402 0.1037 0.1333 0.1028 0.1517 1
0.0975 0.0956 0.0714 0.1893 0.1657 1
0.1045 0.1576 0.1942 0.0932 0.1623 1
0.1851 0.0948 0.1189 0.1708 0.1639 1
0.0421 0.1694 0.1308 0.0801 0.1493 1
0.1188 0.0904 0.1554 0.1006 0.1375 1
0.1399 0.1304 0.1192 0.1117 0.0758 1
0.1001 0.1089 0.1925 0.0686 0.1289 1
0.1135 0.1329 0.2122 0.0925 0.0791 1
0.0660 0.2303 0.1205 0.1271 0.1448 1
0.1128 0.1000 0.1567 0.0741 0.0820 1
0.0592 0.2086 0.1028 0.0679 0.2539 1
0.1116 0.1542 0.2138 0.0504 0.1739 1
0.1143 0.1637 0.1196 0.0779 0.1141 1
0.0998 0.0544 0.1702 0.0955 0.1185 1
0.0905 0.0663 0.0884 0.0183 0.1292 1
0.1450 0.0985 0.1773 0.0955 0.0887 1
0.1271 0.1219 0.1965 0.1259 0.1572 1
0.1551 0.0206 0.0979 0.1434 0.0587 1
0.1551 0.0538 0.1065 0.1667 0.1226 1
0.0959 0.0884 0.1301 0.1798 0.1264 1
0.1476 0.1463 0.1564 0.0540 0.0951 1
0.1366 0.1017 0.0943 0.1044 0.1004 1
0.0942 0.1116 0.1438 0.1334 0.1478 1
0.0700 0.1587 0.1650 0.1041 0.1346 1
0.1484 0.1042 0.1852 0.1760 0.1743 1
0.0638 0.0855 0.1712 0.1003 0.1405 1
0.1141 0.1657 0.1364 0.1165 0.1465 1
0.0981 0.0576 0.1740 0.0770 0.1161 1
0.1096 0.2217 0.1150 0.1656 0.0857 1
0.0791 0.1126 0.1123 0.1108 0.1530 1
0.1580 0.1379 0.1107 0.0377 0.2320 1
0.0762 0.0541 0.1833 0.1452 0.1848 1
0.1240 0.0733 0.1673 0.1008 0.2064 1
0.1568 0.1349 0.2330 0.0871 0.1232 1
0.2500 0.1191 0.1652 0.0976 0.0896 1
0.1654 0.0619 0.2014 0.1324 0.1504 1
0.0758 0.1727 0.2181 0.0329 0.1882 1
0.1586 0.0800 0.1021 0.1086 0.0542 1
0.0515 0.0753 0.0904 0.1677 0.1454 1
0.1447 0.0773 0.1683 0.1392 0.1594 1
0.1600 0.0476 0.1373 0.1248 0.1566 1
0.1595 0.0620 0.1311 0.1699 0.1088 1
0.1895 0.0987 0.1436 0.2178 0.1422 1
0.0990 0.0872 0.1169 0.1425 0.1514 1
0.1803 0.0997 0.0230 0.1925 0.2028 1
0.2036 0.1761 0.1852 0.0747 0.1207 1
0.1084 0.1397 0.1453 0.0762 0.0218 1
0.1280 0.1203 0.1405 0.1324 0.1603 1
0.0853 0.1304 0.1393 0.0479 0.1363 1
0.1227 0.1300 0.2040 0.0951 0.1188 1
0.1608 0.1399 0.1747 0.1289 0.0662 1
0.1691 0.1335 0.1028 0.1354 0.1639 1
0.1538 0.1715 0.1261 0.1472 0.1667 1
0.1029 0.1098 0.1476 0.1179 0.1967 1
0.0886 0.1484 0.1734 0.1198 0.1222 1
0.1369 0.0701 0.1419 0.0649 0.1517 1
0.1411 0.1138 0.1452 0.1245 0.0828 1
0.1404 0.0788 0.2401 0.0332 0.0963 1
0.0408 0.1457 0.1875 0.0341 0.1715 1
0.1128 0.1431 0.1685 0.1169 0.1509 1
0.1557 0.0767 0.1925 0.0804 0.1457 1
0.1468 0.1403 0.1919 0.1656 0.1249 1
0.1600 0.1399 0.0364 0.1361 0.1214 1
0.1262 0.1087 0.1543 0.0850 0.1691 1
0.0433 0.0292 0.0947 0.1539 0.0505 1
0.0963 0.0951 0.1683 0.0753 0.2305 1
0.1542 0.1232 0.1601 0.1166 0.0982 1
0.1380 0.1046 0.1614 0.2168 0.1860 1
0.1879 0.1184 0.0372 0.0818 0.1743 1
0.1332 0.1917 0.1754 0.1066 0.1347 1
0.1698 0.0637 0.1422 0.0792 0.1140 1
0.1589 0.0820 0.1635 0.0591 0.1065 1
0.0787 0.2039 0.1908 0.0422 0.1709 1
0.1485 0.1454 0 0.1112 0.1332 1
0.0840 0.0793 0.1993 0.0646 0.0586 1
0.1664 0.1784 0.1859 0.1373 0.0958 1
0.0560 0.1345 0.1206 0.1657 0.0390 1
0.1261 0.0869 0.1113 0.0545 0.0989 1
0.1418 0.1738 0.1491 0.1552 0.1103 1
0.1380 0.1628 0.2106 0.1469 0.1480 1
0.0886 0.1020 0.1472 0.0756 0.1332 1
0.1924 0.1038 0.0822 0.0320 0.2280 1
0.0552 0.1846 0.1376 0.1424 0.0466 1
0.2433 0.1643 0.1554 0.1414 0.1523 1
0.1450 0.0438 0.1906 0.0655 0.0682 1
0.1749 0.1298 0.2375 0.1961 0.1636 1
0.0879 0.0805 0.1708 0.1787 0.0972 1
0.1045 0.1307 0.1216 0.0987 0.1189 1
0.1960 0.0602 0.1354 0.0612 0.2329 1
0.0602 0.1582 0.1637 0.1612 0.1252 1
0.0708 0.0840 0.1679 0.0855 0.1895 1
0.1009 0.0628 0.1509 0.0996 0.2445 1
0.1447 0.0793 0.1428 0.0910 0.2076 1
0.1497 0.1907 0.1261 0.1061 0.1563 1
0.1936 0.1072 0.2356 0.1532 0.2165 1
0.0297 0.0913 0.1324 0.1143 0.1520 1
0.1385 0.1139 0.1298 0.0766 0.1007 1
0.0895 0.0979 0.1129 0.1545 0.1918 1
0.0901 0.1049 0.0841 0.0705 0.1250 1
0.2398 0.1109 0.1011 0.0830 0.0997 1
0.1262 0.1297 0.0968 0.0418 0.2204 1
0.1385 0.1035 0.1530 0.1019 0.0557 1
0.1742 0.1005 0.2099 0.1730 0.1453 1
0.0685 0.1628 0.1591 0.1539 0.0308 1
0.1713 0.1516 0.1185 0.1757 0.0839 1
0.1472 0.1318 0.1744 0.0536 0.0918 1
0.1098 0.0626 0.2261 0.1200 0.2389 1
0.1299 0.1526 0.1586 0.1178 0.1675 1
0.1625 0.1749 0.1797 0.0699 0.1506 1
0.1086 0.0351 0.0558 0.1749 0.1810 1
0.1745 0.1275 0.1798 0.1207 0.1450 1
0.1979 0.1582 0.1287 0.0536 0.0419 1
0.0915 0.0932 0.1775 0.1032 0.1676 1
0.1185 0.0693 0.2064 0.1575 0.1827 1
0.1382 0.1100 0.1692 0.1099 0.1532 1
0.1535 0.0573 0.2057 0.1188 0.1922 1
0.1973 0.1376 0.1429 0.1118 0.1299 1
0.2166 0.1112 0.1406 0.1308 0.1579 1
0.1736 0.1290 0.1685 0.1862 0.1481 1
0.1246 0.1571 0.1872 0.1724 0.1295 1
0.1469 0.1468 0.1282 0.1245 0.1347 1
0.1032 0.1095 0.1485 0.0868 0.1566 1
0.1313 0.1300 0.1361 0.1447 0.0966 1
0.1169 0.1098 0.1267 0.0179 0.1258 1
0.0885 0.1019 0.1484 0.1577 0.1632 1
0.1109 0.1465 0.1383 0.1142 0.1469 1
0.1016 0.0845 0.0855 0.1535 0.1577 1
0.0557 0.0785 0.1433 0.1175 0.1670 1
0.1490 0.1460 0.0841 0.0920 0.1727 1
0.1017 0.2405 0.1371 0.1165 0.1751 1
0.1118 0.1492 0.1581 0.0380 0.1261 1
0.1904 0.1080 0.1658 0.1168 0.2047 1
0.0545 0.1206 0.1221 0.0981 0.0691 1
0.1081 0.1246 0.0911 0.1408 0.1131 1
0.0933 0.1208 0.1919 0.1348 0.1526 1
0.1175 0.0754 0.1034 0.1772 0.1189 1
0.1396 0.1686 0.1586 0.0914 0.1001 1
0.1315 0.1129 0.2099 0.1338 0.1004 1
0.0780 0.1115 0.1190 0.1206 0.0393 1
0.1208 0.0796 0.1987 0.1245 0.1635 1
0.2280 0.1726 0.1780 0.1552 0.1286 1
0.1081 0.1840 0.1647 0.1172 0.1648 1
0.1516 0.1038 0.1175 0.1163 0.1091 1
0.1093 0.1616 0.2464 0.1236 0 1
0.0802 0.0600 0.1932 0.1163 0.1861 1
0.0306 0.1956 0.2271 0.1819 0.0758 1
0.1345 0.0594 0.1671 0.0916 0.1951 1
0.1743 0.1801 0.0998 0.1367 0.1049 1
0.2469 0.0971 0.1931 0.1417 0.1612 1
0.1602 0.1878 0.1544 0.0885 0.1076 1
0.1127 0.0070 0.1311 0.1326 0.0821 1
0.0560 0.1098 0.1591 0.0699 0.1724 1
0.1555 0.2369 0.0979 0.0629 0.1693 1
0.1752 0.0823 0.0943 0.1508 0.1806 1
0.1157 0.1026 0.1701 0.1795 0.1128 1
0.1044 0.1565 0.2365 0.1278 0.0572 1
0.1211 0.1103 0.2215 0.1290 0.1152 1
0.0823 0.0573 0.1399 0.0285 0.1219 1
0.0787 0.2276 0.1778 0.0974 0.1490 1
0.1116 0.2080 0.1714 0.1188 0.2028 1
0.1981 0 0.1392 0.0891 0.1426 1
0.0793 0.1133 0.1711 0.0996 0.1341 1
0.1609 0.1142 0.0965 0.0561 0.1518 1
0.1192 0.1297 0.1252 0.1096 0.1188 1
0.1492 0.0600 0.1698 0.1198 0.0986 1
0.2016 0.1093 0.1430 0.0604 0.0893 1
0.1051 0.1042 0.1837 0.0852 0.1618 1
0.1861 0.0334 0.1367 0.0638 0.1019 1
0.1516 0.0747 0.1836 0.0990 0.1456 1
0.1861 0.0547 0.1435 0.1615 0.0876 1
0.1252 0.0286 0.1371 0.0511 0.2356 1
0.1089 0.0072 0.0861 0.1064 0.1252 1
0.1128 0.0728 0.1433 0.2002 0.1620 1
0.1952 0.1600 0.1788 0.1641 0.1027 1
0.1065 0.1225 0.1997 0.1955 0.1203 1
0.1210 0.1610 0.1732 0.0712 0.1363 1
0.1243 0.1226 0.1732 0.1108 0.1058 1
0.1165 0.2111 0.1563 0.0945 0.1654 1
0.0847 0.0764 0.2184 0.0498 0.1267 1
0.1357 0.1361 0.1607 0.0748 0.1821 1
0.1013 0.2353 0.0796 0.1040 0.0648 1
0.1326 0.1324 0.1557 0.1922 0.2024 1
0.1284 0.1393 0.1222 0.1865 0.0614 1
0.0638 0.2263 0.1695 0.0927 0.0948 1
0.1334 0.1940 0.1833 0.1034 0.1928 1
0.1332 0.1434 0.2442 0.1142 0.1268 1
0.0866 0.1202 0.1246 0.0779 0.1562 1
0.1111 0.0822 0.1006 0.1667 0.1064 1
0.1753 0.0322 0.2264 0.1261 0.1536 1
0.1304 0.0666 0.1354 0.0491 0.0989 1
0.1255 0.1712 0.0722 0.0172 0.1001 1
0.1887 0.0678 0.0578 0.1207 0.2231 1
0.1372 0.1878 0.2023 0.0622 0.1748 1
0.1892 0.0895 0.2077 0.0776 0.1922 1
0.1664 0.1144 0.2230 0.0464 0.1472 1
0.0682 0.0932 0.1521 0.1009 0.1010 1
0.1772 0.1933 0.1146 0.1647 0.1223 1
0.1761 0.0906 0.1301 0.1385 0.1766 1
0.1389 0.2308 0.1425 0.1425 0.2074 1
0.9077 0.9209 0.9675 0.8506 0.8334 2
0.9041 0.8285 0.8841 0.8612 0.7868 2
0.8853 0.9149 0.8634 0.8918 0.8957 2
0.8424 0.9075 0.8997 0.7975 0.8683 2
0.7821 0.9369 0.8341 0.8791 0.8389 2
0.9127 0.9195 0.9353 0.8002 0.8923 2
0.8655 0.9073 0.8861 0.8626 0.8337 2
0.8162 0.8595 0.9076 0.8826 0.9811 2
0.8564 0.8769 0.9077 0.7793 0.9030 2
0.9085 0.9079 0.8840 0.8195 0.8628 2
0.9252 0.8836 0.8597 0.9093 0.8441 2
0.8267 0.8798 0.8771 0.7314 0.9094 2
0.8161 0.8603 0.7997 0.8063 0.8607 2
0.8225 0.8969 0.8263 0.8071 0.8558 2
0.9392 0.8966 0.8802 0.8725 0.9130 2
0.8569 0.8389 0.8745 0.8209 0.9139 2
0.8889 1.0000 0.8813 0.8992 0.9328 2
0.7958 0.8322 0.8516 0.8237 0.9000 2
0.8800 0.8563 0.8541 0.8013 0.8757 2
0.8722 0.8583 0.9586 0.8602 0.8133 2
0.8209 0.8545 0.8856 0.8566 0.8343 2
0.8346 0.8720 0.8667 0.8716 0.9234 2
0.8261 0.8619 0.9114 0.9547 0.8139 2
0.9057 0.8392 0.8637 0.8672 0.8254 2
0.8894 0.8749 0.8049 0.7975 0.8626 2
0.7930 0.7981 0.8870 0.8901 0.7975 2
0.8630 0.8864 0.8140 0.8312 0.8595 2
0.8592 0.8931 0.8768 0.7797 0.8556 2
0.9016 0.8974 0.9183 0.7858 0.8915 2
0.8231 0.8746 0.8179 0.8579 0.9288 2
0.8930 0.8374 0.8792 0.8595 0.8619 2
0.8178 0.9021 0.9490 0.7819 0.8395 2
0.9171 0.8354 0.9061 0.9217 0.8729 2
0.8598 0.9366 0.8414 0.7976 0.8395 2
0.7715 0.7821 0.9103 0.9640 0.9809 2
0.8292 0.8902 0.8232 0.9367 0.9395 2
1.0000 0.8132 0.8511 0.9160 0.8169 2
0.8792 0.8586 0.8191 0.8939 0.8377 2
0.9063 0.8681 0.9101 0.8733 0.8687 2
0.9220 0.8957 0.9205 0.8831 0.7838 2
0.8448 0.8868 0.8429 0.8385 0.7979 2
0.8732 0.7654 0.8262 0.8840 0.8997 2
0.8696 0.8308 0.9355 0.7715 0.9675 2
0.7824 0.9580 0.9156 0.8487 0.8839 2
0.8634 0.7944 0.8394 0.8628 0.8240 2
0.8653 0.8936 0.8204 0.7755 0.9046 2
0.8239 0.9766 0.8584 0.8328 0.8844 2
0.8372 0.8685 0.8561 0.8423 0.9528 2
0.8429 0.9217 0.8631 0.8219 0.9079 2
0.8455 0.7966 0.8966 0.8234 0.8637 2
0.8252 0.8673 0.8455 0.8556 0.8862 2
0.7920 0.8022 0.9951 0.8093 0.8459 2
0.8675 0.8551 0.8271 0.9713 0.9455 2
0.8516 0.8079 0.8693 0.9153 0.9215 2
0.8016 0.8529 0.8807 0.8465 0.8269 2
0.8158 0.9356 0.8509 0.8806 0.9122 2
0.8633 0.9243 0.8610 0.9310 0.8491 2
0.8605 0.9809 0.9521 0.8492 0.8371 2
0.8336 0.9577 0.8522 0.8460 0.8687 2
0.8780 0.9385 0.8534 0.8113 0.8918 2
0.9297 0.9044 0.8472 0.8761 0.8346 2
0.7457 0.9252 0.9186 0.7914 0.8727 2
0.8389 0.8942 0.8848 0.8492 0.8379 2
0.8387 0.7941 0.8685 0.8650 0.9067 2
0.7766 0.8584 0.9047 0.8473 0.8650 2
0.7996 0.8560 0.8531 0.8385 0.8467 2
0.8560 0.8395 0.9030 0.8093 0.8832 2
0.8575 0.8148 0.8920 0.8762 0.9042 2
0.8012 0.8879 0.9413 0.8888 0.8523 2
0.8522 0.9065 0.8631 0.8285 0.8745 2
0.7522 0.8319 0.8992 0.8487 0.8282 2
0.8500 0.8674 0.8689 0.7908 0.9349 2
0.8162 0.7709 0.8492 0.7734 0.8476 2
0.8438 0.8731 0.9050 0.7484 0.8714 2
0.8346 0.9499 0.7700 0.9091 0.8285 2
0.8853 0.7983 0.8679 0.9333 0.8786 2
0.8818 0.8163 0.8650 0.9473 0.8948 2
0.8747 0.9334 0.8848 0.8564 0.9346 2
0.7981 0.8439 0.8939 0.8321 0.8197 2
0.8159 0.8962 0.9096 0.8199 0.9371 2
0.8891 0.9340 0.8703 0.8231 0.8711 2
0.8744 0.8705 0.8670 0.9061 0.8368 2
0.8301 0.8781 0.8237 0.9096 0.8792 2
0.9453 0.8606 0.9194 0.8155 0.8908 2
0.8610 0.8867 0.7788 0.8791 0.8391 2
0.8471 0.8687 0.8045 0.8090 0.9224 2
0.8475 0.9632 0.8771 0.7475 0.8775 2
0.8311 0.8728 0.8664 0.7762 0.8693 2
0.8579 0.9464 0.8443 0.8595 0.9177 2
0.8480 0.8189 0.8716 0.9170 0.8729 2
0.9455 0.9268 0.8329 0.8838 0.8994 2
0.9303 0.9473 0.9491 0.8543 0.8517 2
0.8503 0.8670 0.8534 0.8599 0.8714 2
0.8405 0.8106 0.8761 0.8531 0.8187 2
0.7811 0.8824 0.8459 0.8091 0.9352 2
0.7650 0.8264 0.8518 0.8812 0.8394 2
0.7961 0.9371 0.9376 0.8595 0.8459 2
0.7069 0.8740 0.8801 0.8573 0.8879 2
0.8204 0.8673 0.8699 0.8754 0.8881 2
0.8293 0.8705 0.8282 0.8691 0.7802 2
0.8682 0.9569 0.8640 0.8647 0.9020 2
0.8454 0.7909 0.8721 0.7614 0.8824 2
0.8553 0.9049 0.8193 0.9045 0.9139 2
0.8588 0.8462 0.8676 0.9116 0.8164 2
0.9248 0.8300 0.8840 0.7662 0.7921 2
0.8012 0.8681 0.8160 0.8031 0.9185 2
0.9023 0.8867 0.9171 0.8378 0.9440 2
0.8897 0.9239 0.8870 0.8487 0.8286 2
0.7914 0.9032 0.9402 0.8834 0.8401 2
0.8954 0.8377 0.8551 0.7602 0.8790 2
0.7578 0.7863 0.8042 0.8879 0.8388 2
0.7769 0.9149 0.9587 0.8512 0.9498 2
0.8098 0.8345 0.8260 0.9007 0.9580 2
0.8910 0.8560 0.8844 0.9204 0.8862 2
0.8958 0.9284 0.8998 0.8205 0.9136 2
0.8416 0.9108 0.8662 0.8011 0.9364 2
0.8499 0.8758 0.9024 0.8666 0.8309 2
0.8215 0.8326 0.9007 0.8211 0.8032 2
0.9330 0.8215 0.8547 0.8442 0.9188 2
0.8459 0.8765 0.8347 0.9476 0.8847 2
0.8029 0.9146 0.8601 0.8151 0.8847 2
0.8219 0.8572 0.8706 0.8228 0.9344 2
0.8690 0.9210 0.8705 0.8864 0.9291 2
0.8452 0.8558 0.8204 0.8295 0.8491 2
0.8432 0.9000 0.8521 0.8703 0.8406 2
0.9395 0.9055 0.8856 0.8521 0.9407 2
0.8312 0.8839 0.8791 0.7972 0.8528 2
0.7795 0.8786 0.9395 0.8656 0.8920 2
0.8965 0.8024 0.9241 0.9138 0.9061 2
0.8655 0.8742 0.8880 0.7922 0.8447 2
0.8908 0.8551 0.8176 0.8893 0.8869 2
0.9105 0.8784 0.8381 0.8607 0.8872 2
0.8671 0.9091 0.9176 0.7625 0.8166 2
0.8306 0.8804 0.9247 0.8193 0.9195 2
0.9096 0.9047 0.8473 0.8350 0.9055 2
0.8779 0.8067 0.8598 0.8320 0.8990 2
0.8592 0.8642 0.8610 0.8572 0.8929 2
0.7592 0.7636 0.9284 0.8090 0.8933 2
0.8607 0.9520 0.9288 0.8506 0.8398 2
0.9296 0.9049 0.8797 0.8467 0.8623 2
0.8656 0.9056 0.8889 0.7964 0.8960 2
0.8032 0.9096 0.8585 0.9087 0.9107 2
0.8137 0.8916 0.8613 0.8213 0.8614 2
0.9286 0.8578 0.8716 0.8308 0.8625 2
0.8315 0.8549 0.8351 0.8410 0.9104 2
0.8423 0.8775 0.8652 0.8933 0.8939 2
0.9031 0.8360 0.8723 0.8519 0.8941 2
0.8889 0.8526 0.8733 0.8205 0.8134 2
0.8605 0.8644 0.8870 0.8414 0.9146 2
0.8726 0.8433 0.8741 0.8321 0.8686 2
0.8914 0.8729 0.8900 0.8471 0.8619 2
0.8185 0.8429 0.8409 0.7844 0.8572 2
0.8287 0.9308 0.8682 0.8612 0.9271 2
0.8273 0.8077 0.9189 0.8368 0.8747 2
0.7611 0.9542 0.9452 0.9196 0.8465 2
0.8266 0.9493 0.8423 0.8350 0.8617 2
0.9128 0.9411 0.8061 0.8621 0.7862 2
0.8653 0.8804 0.8719 0.8826 0.9616 2
0.8564 0.8291 0.8459 0.7497 0.8800 2
0.8231 0.8508 0.9344 1.0000 0.8774 2
0.8913 0.8897 0.8751 0.8101 0.8528 2
0.8285 0.9215 0.8440 0.8381 0.8413 2
0.7872 0.9662 0.8675 0.8806 0.8580 2
0.8242 0.8320 0.9120 0.8045 0.8824 2
0.8352 0.9071 0.9521 0.8419 0.8857 2
0.8580 0.8552 0.8531 0.7807 0.7865 2
0.8462 0.8273 0.8946 0.7826 0.8482 2
0.8653 0.8343 0.8585 0.9492 0.8488 2
0.8919 0.8041 0.8928 0.8015 0.8058 2
0.8048 0.9551 0.9442 0.9142 0.8285 2
0.7723 0.8331 0.9375 0.8219 0.8997 2
0.9327 0.9001 0.9340 0.8209 0.8750 2
0.8487 0.8668 0.8616 0.8248 0.8282 2
0.8784 0.8482 0.9012 0.9230 0.9513 2
0.9182 0.9774 0.8591 0.9004 0.9417 2
0.8685 0.8088 0.8986 0.8384 0.8714 2
0.8776 0.8778 0.8837 0.8880 0.8812 2
0.8067 0.9015 0.8667 0.9617 0.8616 2
0.7830 0.9033 0.9140 0.8509 0.8321 2
0.8060 0.8728 0.8376 0.8934 0.8412 2
0.8083 0.8797 0.9195 0.8216 0.8985 2
0.9190 0.8911 0.8833 0.8561 0.8364 2
0.8777 0.7758 0.8669 0.8432 0.8184 2
0.8994 0.8868 0.8928 0.8653 0.8744 2
0.9083 0.7943 0.8578 0.8379 0.7750 2
0.8633 0.9036 0.8919 0.8714 0.8751 2
0.8292 0.9449 0.8486 0.8039 0.8556 2
0.9045 0.9230 0.8283 0.8813 0.8955 2
0.9072 0.8739 0.9159 0.8508 0.8525 2
0.8470 0.8509 0.8263 0.9214 0.8395 2
0.8123 0.8836 0.8621 0.8866 0.9329 2
0.8096 0.8099 0.8847 0.8227 0.8604 2
0.8385 0.8206 0.8512 0.8684 0.8902 2
0.8563 0.9409 0.8623 0.9294 0.9321 2
0.9025 0.8891 0.8085 0.8824 0.8863 2
0.7585 0.8005 0.9012 0.8604 0.8882 2
0.9267 0.9128 0.8344 0.8368 0.8406 2
0.8732 0.8574 0.8427 0.8125 0.8991 2
0.7951 0.8965 0.9741 0.8583 0.8671 2
0.8225 0.9502 0.8285 0.8231 0.8970 2
0.8273 0.8352 0.9350 0.8445 0.9145 2
0.8432 0.7611 0.9130 0.8337 0.9380 2
0.8048 0.8070 0.9251 0.8430 0.7886 2
0.8902 0.8681 0.8690 0.8084 0.8719 2
0.9279 0.7198 0.9229 0.8889 0.9362 2
0.8322 0.8780 0.8388 0.8411 0.8601 2
0.9032 0.8500 0.8179 0.8215 0.8935 2
0.8697 0.8552 0.9091 0.7740 0.8511 2
0.8136 0.7272 0.8833 0.8104 0.8552 2
0.8534 0.8991 0.8306 0.8752 0.8458 2
0.8986 0.8651 0.8547 0.8960 0.8942 2
0.8420 0.8899 1.0000 0.8481 0.9435 2
0.9468 0.8471 0.9139 0.8637 0.8616 2
0.7875 0.8228 0.8946 0.8634 0.8814 2
0.8643 0.8965 0.7246 0.8930 0.8841 2
0.7914 0.9805 0.8122 0.8526 0.9408 2
0.8086 0.8800 0.8721 0.8812 0.8909 2
0.8704 0.8603 0.8756 0.7956 0.9201 2
0.8850 0.8572 0.8098 0.8302 0.9237 2
0.8487 0.7998 0.8926 0.8802 0.8753 2
0.7908 0.8673 0.8981 0.8331 0.8416 2
0.9210 0.8963 0.8388 0.8522 0.8991 2
0.8735 0.9655 0.8528 0.8842 0.9009 2
0.8059 0.8421 0.7225 0.7568 0.8796 2
0.9127 0.9291 0.8331 0.8333 0.8279 2
0.8779 0.8887 0.9528 0.9266 0.8182 2
0.8795 0.8442 0.9106 0.8502 0.8990 2
0.8471 0.9026 0.8790 0.8432 0.8221 2
0.9111 0.9049 0.8620 0.7922 0.8505 2
0.8965 0.9391 0.8007 0.8912 0.9106 2
0.8754 0.9414 0.9260 0.8164 0.8544 2
0.8596 0.9027 0.8703 0.8602 0.7829 2
0.8853 0.8154 0.8781 0.8604 0.9294 2
0.9595 0.8699 0.8946 0.8716 0.8052 2
0.8111 0.8752 0.8795 0.8294 0.9067 2
0.8257 0.8679 0.9225 0.8267 0.8446 2
0.8798 0.9268 0.8785 0.7679 0.8359 2
0.8645 0.8291 0.9333 0.8234 0.8659 2
0.8430 0.9264 0.8652 0.8363 0.9557 2
0.9056 0.8286 0.8933 0.9362 0.8756 2
0.8614 0.8015 0.8912 0.7989 0.9645 2
0.8232 0.9227 0.7976 0.8513 0.8446 2
0.8560 0.8558 0.8820 0.8323 0.9316 2
0.8988 0.7448 0.8420 0.8225 0.8121 2
0.9408 0.8574 0.7779 0.7950 0.8002 2
0.8470 0.8891 0.9087 0.8819 0.8657 2
0.9268 0.9177 0.8802 0.7632 0.8693 2
0.8595 0.9611 0.9237 0.8404 0.7793 2
0.7763 0.8812 0.8529 0.8196 0.8173 2
0.8802 0.8700 0.8784 0.8505 0.9347 2
0.8911 0.9420 0.8961 0.9172 0.9027 2
0.9136 0.9186 0.8705 0.9039 0.9523 2
0.8407 0.8797 0.9109 0.8886 0.8239 2
0.8945 0.9122 0.8617 0.8273 0.7990 2
0.8129 0.8823 0.8850 0.8347 0.8015 2
0.8940 0.9626 0.8729 0.8497 0.9785 2
0.8509 0.9169 0.8351 0.8305 0.9811 2
0.9271 0.8752 0.8959 0.8011 0.8151 2
0.9350 0.9152 0.7996 0.8278 0.9528 2
0.8287 0.8813 0.8535 0.9100 1.0000 2
0.8752 0.9299 0.8445 0.8384 0.9593 2
0.8513 0.8522 0.8547 0.8417 0.8170 2
0.8027 0.8018 0.8302 0.8333 0.9045 2
0.8435 0.8816 0.8962 0.8551 0.8555 2
0.8876 0.8687 0.8094 0.8551 0.9125 2
0.7831 0.8540 0.8345 0.8695 0.7339 2
0.9209 0.8853 0.8715 0.7973 0.8321 2
0.8391 0.8201 0.8403 0.8775 0.7915 2
0.8965 0.8899 0.8064 0.8429 0.8516 2
0.8454 0.7813 0.8115 0.8361 0.8482 2
0.7898 0.9076 0.8495 0.8703 0.9128 2
0.8420 0.8111 0.8525 0.9773 0.9101 2
0.7943 0.9317 0.8263 0.8874 0.8949 2
0.8752 0.8346 0.8367 0.8644 0.9164 2
0.8550 0.7567 0.9051 0.9138 0.8672 2
0.9309 0.8943 0.8531 0.7726 0.8996 2
0.7688 0.8655 0.8186 0.9071 0.9149 2
0.7943 0.8661 0.8088 0.8902 0.8447 2
0.8693 0.8228 0.8744 0.7916 0.8932 2
0.8659 0.8488 0.8383 0.8902 0.7914 2
0.8201 0.9740 0.9060 0.8422 0.8976 2
0.8561 0.8627 0.8759 0.7831 0.8672 2
0.8242 0.8424 0.8528 0.8985 0.9024 2
0.8521 0.8934 0.8880 0.8752 0.8473 2
0.8283 0.8290 0.8537 0.7851 0.9389 2
0.8557 0.8035 0.8818 0.8777 0.8799 2
0.9229 0.8332 0.8775 0.8968 0.8471 2
0.9181 0.8325 0.8675 0.8186 0.8844 2
0.9034 0.8267 0.9347 0.8314 0.9470 2
0.8898 0.8308 0.8735 0.8608 0.8502 2
0.8920 0.8125 0.8509 0.8063 0.8333 2
0.9031 0.8221 0.8611 0.8834 0.8741 2
0.8779 0.8616 0.9119 0.8858 0.8884 2
0.8525 0.8215 0.8358 0.8870 0.8572 2
0.8659 0.8865 0.9247 0.9204 0.8376 2
0.9007 0.8731 0.8190 0.8784 0.9012 2
0.8491 0.9065 0.8654 0.8588 0.8777 2
0.9401 0.8697 0.8593 0.8582 0.7924 2
0.8876 0.8219 0.7602 0.8289 0.8249 2
0.8620 0.8708 0.8854 0.8777 0.8713 2
0.3737 0.4316 0.5433 0.4662 0.4694 3
0.4958 0.4792 0.4980 0.5581 0.4044 3
0.4563 0.5012 0.5109 0.4518 0.5332 3
0.4896 0.4939 0.4504 0.4061 0.4171 3
0.3536 0.4172 0.5533 0.4470 0.4017 3
0.5107 0.6147 0.4968 0.4736 0.5606 3
0.4934 0.5869 0.5322 0.4524 0.4943 3
0.4225 0.4397 0.4793 0.4980 0.4667 3
0.5294 0.4971 0.4247 0.4517 0.4928 3
0.5273 0.5070 0.5213 0.4699 0.4685 3
0.5524 0.4259 0.5109 0.4734 0.4874 3
0.5001 0.5675 0.5154 0.3946 0.5330 3
0.5665 0.4937 0.5043 0.5336 0.4648 3
0.3861 0.4809 0.4569 0.5003 0.4746 3
0.5251 0.5785 0.5594 0.4985 0.5038 3
0.5455 0.5571 0.5233 0.5451 0.4575 3
0.5160 0.4195 0.5194 0.4479 0.5017 3
0.4582 0.4232 0.4753 0.5213 0.5224 3
0.5607 0.4742 0.4948 0.4148 0.5363 3
0.4893 0.4612 0.6196 0.4916 0.6236 3
0.4237 0.4864 0.4904 0.4418 0.5378 3
0.4109 0.5348 0.5342 0.4236 0.5275 3
0.4747 0.4797 0.5576 0.3896 0.4372 3
0.4988 0.4824 0.6330 0.3409 0.5111 3
0.5187 0.4698 0.4875 0.4273 0.4907 3
0.4819 0.4922 0.6361 0.5475 0.4736 3
0.4829 0.4708 0.5111 0.3979 0.5388 3
0.4890 0.5017 0.4872 0.5003 0.4983 3
0.4750 0.4989 0.5293 0.4712 0.4142 3
0.5103 0.5706 0.4609 0.4975 0.4266 3
0.4938 0.4600 0.5341 0.4918 0.4782 3
0.4225 0.5203 0.5101 0.4131 0.4911 3
0.5116 0.4432 0.5614 0.3896 0.5133 3
0.4744 0.5643 0.4934 0.4437 0.4286 3
0.4954 0.4835 0.4800 0.4987 0.4974 3
0.5333 0.5507 0.4103 0.4665 0.5370 3
0.5151 0.4791 0.6123 0.4767 0.5315 3
0.3940 0.4618 0.5394 0.4215 0.4832 3
0.4466 0.5331 0.4838 0.5888 0.4913 3
0.4138 0.4126 0.4574 0.4736 0.5874 3
0.5211 0.5163 0.5443 0.4201 0.5403 3
0.3798 0.4322 0.5526 0.5702 0.4202 3
0.5214 0.5040 0.4605 0.4934 0.5381 3
0.4663 0.4621 0.4533 0.3998 0.5148 3
0.4784 0.4921 0.5535 0.3971 0.4692 3
0.4155 0.4855 0.6074 0.4888 0.5409 3
0.4632 0.4774 0.5289 0.4218 0.4987 3
0.5232 0.4904 0.5027 0.4489 0.5606 3
0.4851 0.5261 0.5558 0.4305 0.5574 3
0.4747 0.4661 0.4858 0.5473 0.5469 3
0.4477 0.4064 0.5441 0.4881 0.5293 3
0.4600 0.4244 0.5114 0.4969 0.3962 3
0.4871 0.4951 0.6200 0.4553 0.4783 3
0.4626 0.4311 0.5459 0.5280 0.5785 3
0.5215 0.5125 0.4816 0.4901 0.5074 3
0.4545 0.4910 0.4563 0.4246 0.5236 3
0.4243 0.4520 0.4767 0.4384 0.4862 3
0.5091 0.4664 0.5670 0.5280 0.4819 3
0.5063 0.5093 0.4689 0.5006 0.4667 3
0.5053 0.4097 0.5178 0.5545 0.5218 3
0.4714 0.3786 0.5282 0.5202 0.4528 3
0.4823 0.5104 0.4921 0.4520 0.5042 3
0.4358 0.5035 0.5217 0.4873 0.5071 3
0.4724 0.5151 0.5371 0.4685 0.5619 3
0.4893 0.4948 0.4445 0.3979 0.4980 3
0.3877 0.4905 0.4792 0.5060 0.5355 3
0.4654 0.5130 0.5012 0.5676 0.4882 3
0.5702 0.5356 0.5148 0.4113 0.5501 3
0.5808 0.4672 0.4385 0.4661 0.4956 3
0.4182 0.4901 0.4554 0.4402 0.5522 3
0.4811 0.5031 0.5789 0.4894 0.5236 3
0.4708 0.5334 0.5254 0.4811 0.5348 3
0.5396 0.5548 0.4623 0.5566 0.5700 3
0.4824 0.6097 0.4826 0.4830 0.5262 3
0.5489 0.5550 0.4618 0.5789 0.4521 3
0.4725 0.5296 0.4504 0.4573 0.4645 3
0.3913 0.5785 0.5052 0.5131 0.5068 3
0.5555 0.5122 0.4948 0.4712 0.5484 3
0.5297 0.4863 0.5198 0.4502 0.5798 3
0.4620 0.5075 0.5303 0.5073 0.5297 3
0.4679 0.4934 0.5460 0.5176 0.4829 3
0.5278 0.5177 0.5014 0.4062 0.5913 3
0.4097 0.5545 0.4987 0.5023 0.4879 3
0.5060 0.5127 0.5348 0.5007 0.5220 3
0.4922 0.4438 0.4554 0.3771 0.5323 3
0.5066 0.4664 0.4777 0.5012 0.5114 3
0.5007 0.5160 0.5302 0.4700 0.5069 3
0.5028 0.4614 0.5191 0.4798 0.5470 3
0.5221 0.4992 0.5867 0.5019 0.4303 3
0.4953 0.4933 0.5069 0.5721 0.4619 3
0.4600 0.4864 0.5914 0.4381 0.5408 3
0.4884 0.4864 0.5288 0.3722 0.5525 3
0.5250 0.4878 0.4642 0.5194 0.5269 3
0.3639 0.5075 0.4843 0.4106 0.4812 3
0.3392 0.5782 0.4480 0.4260 0.5445 3
0.4090 0.5470 0.4912 0.5077 0.5080 3
0.4150 0.4578 0.4119 0.4924 0.5498 3
0.4852 0.4818 0.5207 0.4351 0.5411 3
0.5146 0.5020 0.4608 0.5029 0.5315 3
0.5126 0.5162 0.5233 0.5280 0.4649 3
0.5636 0.5264 0.5381 0.4884 0.4464 3
0.3666 0.4939 0.4914 0.4691 0.5293 3
0.4457 0.3942 0.5410 0.3979 0.5236 3
0.4756 0.5116 0.5069 0.4720 0.4204 3
0.5063 0.4907 0.4626 0.4490 0.5665 3
0.4489 0.5055 0.4840 0.4470 0.5375 3
0.5103 0.4776 0.4898 0.5443 0.4660 3
0.4864 0.5385 0.5098 0.4416 0.4797 3
0.4897 0.4614 0.5535 0.4569 0.5314 3
0.4903 0.5706 0.4691 0.4735 0.5202 3
0.4555 0.4765 0.4439 0.5287 0.5385 3
0.4724 0.5412 0.5178 0.4511 0.4965 3
0.5173 0.4440 0.4635 0.4335 0.4728 3
0.4434 0.5021 0.4973 0.5435 0.5498 3
0.4737 0.4985 0.5249 0.5128 0.5259 3
0.4862 0.4400 0.5684 0.4447 0.4540 3
0.4954 0.5417 0.5443 0.4362 0.4999 3
0.4556 0.4385 0.4602 0.5012 0.5445 3
0.4406 0.5046 0.4221 0.5029 0.4753 3
0.4234 0.3584 0.4507 0.5387 0.5902 3
0.5907 0.5710 0.5161 0.4837 0.5855 3
0.4743 0.4171 0.5063 0.4760 0.5583 3
0.5374 0.4122 0.4004 0.5138 0.5533 3
0.5250 0.4931 0.4981 0.4578 0.5774 3
0.5044 0.4487 0.5509 0.4600 0.5425 3
0.4271 0.4433 0.4478 0.5153 0.5142 3
0.5479 0.3624 0.6015 0.5045 0.4874 3
0.4319 0.4175 0.4945 0.5598 0.5141 3
0.4817 0.5568 0.4196 0.4230 0.5387 3
0.4905 0.5553 0.5497 0.4554 0.5138 3
0.5208 0.5174 0.4675 0.4387 0.4806 3
0.5445 0.4531 0.4589 0.4183 0.5773 3
0.4870 0.5098 0.5052 0.5312 0.5098 3
0.4819 0.5168 0.4977 0.4138 0.5197 3
0.5622 0.5305 0.4827 0.4559 0.4893 3
0.5483 0.4716 0.5795 0.5229 0.5089 3
0.4743 0.5638 0.4734 0.4444 0.5539 3
0.5189 0.4904 0.5328 0.4879 0.4548 3
0.5062 0.4937 0.5822 0.4956 0.4418 3
0.5667 0.5680 0.5464 0.5165 0.5072 3
0.4415 0.4667 0.5334 0.5424 0.5606 3
0.4466 0.4174 0.4813 0.4699 0.5078 3
0.4734 0.5157 0.4794 0.5116 0.5391 3
0.4489 0.5060 0.5233 0.5386 0.5007 3
0.5033 0.4936 0.4668 0.5435 0.4670 3
0.4026 0.5026 0.5105 0.5266 0.4919 3
0.4852 0.4850 0.4631 0.4838 0.5005 3
0.4537 0.4777 0.5375 0.4396 0.5016 3
0.5117 0.4113 0.5489 0.4077 0.4974 3
0.4931 0.4956 0.5509 0.4533 0.5154 3
0.4561 0.5031 0.5783 0.5215 0.5051 3
0.3323 0.4020 0.4879 0.4988 0.5503 3
0.5314 0.4227 0.5552 0.5360 0.5253 3
0.5533 0.5229 0.4925 0.4980 0.5382 3
0.4606 0.4866 0.4999 0.4786 0.5689 3
0.5735 0.4291 0.5233 0.4881 0.4598 3
0.5391 0.5153 0.5257 0.4786 0.4291 3
0.5686 0.4870 0.4964 0.5240 0.5463 3
0.4479 0.4666 0.5016 0.4645 0.4977 3
0.5660 0.5154 0.4888 0.4706 0.5191 3
0.4789 0.4875 0.4651 0.5045 0.4822 3
0.5448 0.5232 0.5083 0.5448 0.5409 3
0.5439 0.4989 0.5635 0.5396 0.5037 3
0.5193 0.5043 0.4589 0.4964 0.5890 3
0.4647 0.5235 0.4789 0.5172 0.5008 3
0.5578 0.4791 0.4574 0.4473 0.4725 3
0.4305 0.4591 0.5053 0.4937 0.5567 3
0.4585 0.5509 0.5699 0.4569 0.4937 3
0.4929 0.5116 0.5063 0.5106 0.5196 3
0.5020 0.4688 0.5561 0.4552 0.4747 3
0.4307 0.5773 0.4961 0.4834 0.4212 3
0.4485 0.4849 0.5403 0.4354 0.5758 3
0.4604 0.4184 0.4590 0.5473 0.5115 3
0.4735 0.4881 0.5989 0.4384 0.4107 3
0.4655 0.4279 0.4855 0.4952 0.4660 3
0.5005 0.4824 0.4646 0.3994 0.4737 3
0.4922 0.4611 0.4746 0.4999 0.4421 3
0.5101 0.4536 0.4689 0.4929 0.5221 3
0.6361 0.5350 0.5841 0.5336 0.4496 3
0.5253 0.4455 0.5431 0.5236 0.5232 3
0.5627 0.4094 0.4122 0.4805 0.5218 3
0.4389 0.4638 0.5499 0.5473 0.4347 3
0.5020 0.4229 0.5729 0.4457 0.4329 3
0.4798 0.5368 0.5542 0.4332 0.5425 3
0.5970 0.4863 0.4737 0.4546 0.5183 3
0.4453 0.5661 0.5335 0.4520 0.5402 3
0.4789 0.4947 0.5234 0.5146 0.4755 3
0.4150 0.4728 0.4978 0.3870 0.5263 3
0.4988 0.4991 0.5118 0.5333 0.5072 3
0.4491 0.4134 0.5183 0.5256 0.5069 3
0.4753 0.4913 0.5349 0.4582 0.5351 3
0.5107 0.5231 0.5154 0.5709 0.5019 3
0.4887 0.5195 0.5242 0.5029 0.5175 3
0.5766 0.5660 0.5825 0.4540 0.4458 3
0.5343 0.4226 0.5417 0.4623 0.5688 3
0.4958 0.5564 0.5638 0.4875 0.5489 3
0.4483 0.4794 0.5147 0.4378 0.4771 3
0.4938 0.5476 0.5184 0.4645 0.4946 3
0.5549 0.4667 0.5088 0.4238 0.5518 3
0.4791 0.4664 0.5270 0.4792 0.4324 3
0.5219 0.4331 0.4945 0.5335 0.5542 3
0.4571 0.5040 0.5926 0.4238 0.4326 3
0.4881 0.5312 0.5154 0.5096 0.5683 3
0.5023 0.5246 0.5342 0.5469 0.5026 3
0.5738 0.4948 0.5765 0.5102 0.5941 3
0.5508 0.4363 0.5758 0.4831 0.5162 3
0.4893 0.5437 0.5236 0.4621 0.5378 3
0.4995 0.5388 0.5132 0.5189 0.5431 3
0.4517 0.5218 0.4817 0.4540 0.5238 3
0.4995 0.5125 0.5240 0.4699 0.5205 3
0.4320 0.5037 0.5349 0.4565 0.4882 3
0.4954 0.4798 0.4836 0.4999 0.4353 3
0.5904 0.5849 0.5388 0.5057 0.6075 3
0.4373 0.5559 0.5086 0.4958 0.4351 3
0.4743 0.4740 0.4149 0.4892 0.5226 3
0.5117 0.5244 0.4477 0.4236 0.4025 3
0.5027 0.5328 0.5518 0.5182 0.5382 3
0.4950 0.4415 0.4274 0.5447 0.3976 3
0.5046 0.4832 0.6001 0.4338 0.5074 3
0.5126 0.5168 0.5479 0.5335 0.5397 3
0.4447 0.4704 0.4751 0.4588 0.5039 3
0.5106 0.4479 0.5566 0.4868 0.5092 3
0.4429 0.5176 0.5394 0.5045 0.4190 3
0.3712 0.4119 0.4947 0.4736 0.5285 3
0.4494 0.5006 0.4697 0.4690 0.4485 3
0.5320 0.5402 0.5854 0.4078 0.5104 3
0.4359 0.4658 0.5620 0.5320 0.6378 3
0.6059 0.4530 0.5181 0.3796 0.4390 3
0.4424 0.5147 0.5732 0.4707 0.5422 3
0.4412 0.4791 0.4754 0.5051 0.4893 3
0.4871 0.6110 0.5069 0.5163 0.6026 3
0.5829 0.4707 0.5129 0.4372 0.5609 3
0.4520 0.4424 0.4891 0.4365 0.5342 3
0.5163 0.5052 0.4589 0.4415 0.4131 3
0.6307 0.4899 0.5134 0.4969 0.4394 3
0.4958 0.6089 0.5316 0.5644 0.5291 3
0.5240 0.5214 0.4373 0.4747 0.5163 3
0.4835 0.4282 0.4845 0.5858 0.5357 3
0.4870 0.4922 0.5060 0.4782 0.5019 3
0.4457 0.4195 0.4973 0.4955 0.4934 3
0.4340 0.4171 0.5151 0.4805 0.5260 3
0.4580 0.5052 0.5319 0.4356 0.5242 3
0.5132 0.4259 0.5250 0.5443 0.4803 3
0.5499 0.5107 0.5771 0.4470 0.4157 3
0.5402 0.5029 0.5326 0.4489 0.4765 3
0.3940 0.5104 0.5292 0.4125 0.5211 3
0.4068 0.5087 0.5487 0.4671 0.5613 3
0.4668 0.4783 0.5466 0.4964 0.4801 3
0.4760 0.4746 0.5177 0.4728 0.4648 3
0.4062 0.5476 0.5855 0.4980 0.4981 3
0.4565 0.4195 0.4728 0.5312 0.5875 3
0.5367 0.4618 0.4747 0.4170 0.5016 3
0.4803 0.4630 0.5042 0.5223 0.4144 3
0.4096 0.5924 0.4889 0.4875 0.5276 3
0.5700 0.4954 0.5068 0.4349 0.4537 3
0.4721 0.3815 0.4629 0.4817 0.4880 3
0.4177 0.4742 0.4570 0.4589 0.4969 3
0.4371 0.4707 0.5765 0.4825 0.5521 3
0.4721 0.5125 0.4809 0.4904 0.5202 3
0.4349 0.3975 0.4894 0.4891 0.4679 3
0.4740 0.4600 0.5012 0.4937 0.5160 3
0.4437 0.4872 0.4454 0.4757 0.4595 3
0.5052 0.5669 0.4895 0.5371 0.5780 3
0.5017 0.4666 0.5607 0.5424 0.5689 3
0.4641 0.4994 0.5713 0.5175 0.4537 3
0.4125 0.4293 0.4481 0.4479 0.4564 3
0.5359 0.5744 0.5171 0.4118 0.5416 3
0.4988 0.4566 0.5480 0.4062 0.4901 3
0.5037 0.5141 0.4559 0.4142 0.5254 3
0.5056 0.4693 0.5693 0.4154 0.4689 3
0.5206 0.5073 0.4832 0.5183 0.4461 3
0.5619 0.4925 0.4629 0.4869 0.5194 3
0.5595 0.4864 0.4932 0.5084 0.5497 3
0.5728 0.4186 0.5174 0.4866 0.5630 3
0.4397 0.4907 0.4984 0.5102 0.5500 3
0.5072 0.4939 0.5421 0.4434 0.4874 3
0.4737 0.4617 0.5240 0.4627 0.5351 3
0.5142 0.4233 0.5443 0.5393 0.5282 3
0.5396 0.5968 0.5096 0.4137 0.4767 3
0.4112 0.4076 0.5914 0.4161 0.4417 3
0.5690 0.4737 0.4551 0.4480 0.4692 3
0.5219 0.4655 0.4258 0.4603 0.5251 3
0.4913 0.4840 0.5184 0.4410 0.4867 3
0.5097 0.6043 0.5937 0.4339 0.5563 3
0.5122 0.5067 0.5526 0.4626 0.4436 3
0.4830 0.4974 0.4836 0.4257 0.4758 3
0.5504 0.4443 0.5552 0.4505 0.4448 3
0.4999 0.4476 0.4406 0.4569 0.4309 3
0.4839 0.5585 0.4958 0.5313 0.4697 3
0.4161 0.5357 0.5483 0.4962 0.5251 3
0.5438 0.5783 0.5231 0.4949 0.5847 3
0.4438 0.4658 0.5145 0.5218 0.5141 3
0.4635 0.5224 0.5595 0.5671 0.5050 3
0.6396 0.4456 0.5158 0.4950 0.5703 3
0.5193 0.4875 0.5047 0.5029 0.6182 3
0.5075 0.5341 0.5523 0.4330 0.5020 3
0.5313 0.4606 0.5390 0.4764 0.4776 3
0.5093 0.4374 0.5213 0.5048 0.5783 3
0.5330 0.4977 0.5887 0.4712 0.5579 3
0.3695 0.4962 0.5367 0.4629 0.4700 3
0.5318 0.4637 0.4787 0.4489 0.5963 3
0.5469 0.4307 0.4666 0.4645 0.5269 3
0.5590 0.5224 0.5392 0.4649 0.5172 3
0.4195 0.4740 0.5001 0.5342 0.5452 3
0.4918 0.4598 0.5722 0.3902 0.4379 3
0.4782 0.6432 0.5231 0.5102 0.5078 3
0.4919 0.5012 0.4922 0.4688 0.5007 3
0.5390 0.5043 0.5063 0.5255 0.4955 3
0.4196 0.5241 0.4623 0.5464 0.5849 3
0.5474 0.5018 0.6039 0.4815 0.5980 3
0.4582 0.5322 0.4825 0.5201 0.6078 3
0.5176 0.4859 0.4746 0.5805 0.4898 3
0.4947 0.4950 0.6025 0.4862 0.5650 3
0.4683 0.5412 0.4677 0.4477 0.5415 3
0.4725 0.5415 0.5828 0.5392 0.4835 3
0.4612 0.4649 0.5167 0.4777 0.4928 3
0.5916 0.4782 0.5628 0.4582 0.5239 3
0.4241 0.4974 0.5211 0.4470 0.4922 3
0.4974 0.4653 0.5134 0.5165 0.4923 3
0.4457 0.4713 0.5877 0.4550 0.4263 3
0.5563 0.5053 0.5006 0.5154 0.4744 3
0.4644 0.4446 0.5081 0.5138 0.4716 3
0.5224 0.5429 0.5811 0.5007 0.5969 3
0.4464 0.6249 0.5549 0.5182 0.4926 3
0.4960 0.4837 0.5571 0.4831 0.5084 3
0.5270 0.5228 0.4583 0.4409 0.4922 3
0.4902 0.4780 0.6389 0.4305 0.5330 3
0.5221 0.4632 0.4996 0.4624 0.5238 3
0.5633 0.5449 0.5157 0.4884 0.6065 3
0.4772 0.5634 0.5089 0.4566 0.4980 3
0.4676 0.5144 0.4403 0.3933 0.4396 3
0.4686 0.5258 0.4504 0.5189 0.5041 3
0.4145 0.3801 0.4606 0.4892 0.5749 3
0.4666 0.4994 0.5272 0.5229 0.4971 3
0.5138 0.5538 0.4191 0.5143 0.5767 3
0.4801 0.4368 0.4764 0.4683 0.5628 3
0.5141 0.4281 0.4293 0.5109 0.4247 3
0.4510 0.4537 0.5141 0.5376 0.5300 3
0.5623 0.4016 0.5358 0.4169 0.5282 3
0.4934 0.4815 0.4526 0.5239 0.4820 3
0.4963 0.5195 0.4664 0.4691 0.5071 3
0.4851 0.5160 0.5214 0.5288 0.4679 3
0.4431 0.5962 0.5773 0.4067 0.5771 3
0.4100 0.4769 0.5178 0.4559 0.4980 3
0.3841 0.5258 0.4140 0.4831 0.4986 3
0.4491 0.5118 0.4941 0.5485 0.5697 3
0.4459 0.5049 0.5190 0.4589 0.4803 3
0.5269 0.4742 0.5349 0.4413 0.5005 3
0.5278 0.4551 0.5357 0.5354 0.5595 3
0.4651 0.4881 0.5239 0.4589 0.5118 3