0.3010 0.2023 1
0.3398 0.3412 1
0.2676 0.6067 1
0.0722 0.1833 1
0.2226 0.5850 1
0.3335 0.2419 1
0.3368 0.2153 1
0.3835 0.3946 1
0.6027 0.4088 1
0.0776 0.3478 1
0.3939 0.0994 1
0.3201 0.2097 1
0.2966 0.1846 1
0.2078 0.2352 1
0.2844 0.1968 1
0.3939 0.3685 1
0.3595 0.4518 1
0.0841 0.2724 1
0.4246 0.3868 1
0.3355 0.4158 1
0.5584 0.3270 1
0.1509 0.2692 1
0.2039 0.2309 1
0.0643 0.1426 1
0.3022 0.2691 1
0.4366 0.3307 1
0.2368 0.2814 1
0.2314 0.3390 1
0.2618 0.3145 1
0.2799 0.4032 1
0.4404 0.2184 1
0.3039 0.2912 1
0.2363 0.3424 1
0.3877 0.2545 1
0.1168 0.3479 1
0.3829 0.0558 1
0.2737 0.3731 1
0.5917 0.3736 1
0.2138 0.3078 1
0.3591 0.2579 1
0.3177 0.2465 1
0.1552 0.0656 1
0.4204 0.4637 1
0 0.3983 1
0.0380 0.1535 1
0.1242 0.0980 1
0.4787 0.2532 1
0.4350 0.4048 1
0.1322 0.4263 1
0.2774 0.3840 1
0.5982 1.0 2
0.7320 0.6594 2
0.2632 0.3756 2
0.5578 0.8154 2
0.4868 0.5128 2
0.3926 0.8985 2
0.5913 0.7690 2
0.4934 0.6627 2
0.6568 0.5723 2
0.3540 0.9756 2
0.3793 0.7556 2
0.5529 0.6421 2
0.3738 0.6129 2
0.5105 0.6860 2
0.4397 0.8902 2
0.6428 0.9832 2
0.5533 0.7155 2
0.4390 0.7723 2
0.4076 0.7576 2
0.4393 0.4773 2
0.8186 0.7316 2
0.4875 0.6408 2
0.4667 0.6508 2
0.4674 0.6902 2
0.6997 0.3007 2
0.2594 0.6072 2
0.6449 0.8191 2
0.3967 0.7288 2
0.4571 0.6383 2
0.5860 0.6632 2
0.3672 0.5581 2
0.5519 0.6125 2
0.4841 0.6288 2
0.3046 0.6852 2
0.5202 0.7952 2
0.5728 0.7086 2
0.5806 0.7003 2
0.4174 0.5929 2
0.4920 0.8507 2
0.5785 0.7451 2
0.5664 0.7921 2
0.4413 0.7428 2
0.3218 0.8264 2
0.5311 0.9266 2
0.5372 0.6503 2
0.6972 0.7887 2
0.2836 0.8082 2
0.4461 0.7104 2
0.5530 0.9834 2
0.4804 0.5725 2
0.6207 0.3009 3
0.6971 0.2528 3
0.6901 0.2637 3
0.6564 0.3395 3
0.6215 0.2658 3
0.7983 0.0668 3
0.6784 0.2229 3
0.5773 0.2336 3
0.9187 0.0641 3
0.8102 0.4338 3
0.8883 0 3
0.6830 0.3680 3
0.9462 0.2661 3
0.8112 0.2562 3
0.4416 0.4000 3
0.5151 0.2649 3
0.7657 0.2758 3
0.6708 0.1841 3
0.6671 0.4680 3
0.8322 0.4489 3
0.9173 0.4056 3
0.7396 0.3835 3
0.7038 0.4112 3
0.9916 0.4066 3
0.6851 0.3640 3
0.6255 0.3978 3
0.6059 0.2072 3
0.5869 0.3122 3
0.6977 0.3862 3
0.5699 0.2049 3
0.4347 0.3081 3
0.5125 0.2813 3
0.7457 0.4845 3
0.8344 0.3752 3
0.8495 0.4636 3
1.0 0.3965 3
0.5396 0.4514 3
0.8715 0.2946 3
0.6977 0.3244 3
0.6232 0.2187 3
0.6288 0.3630 3
0.8071 0.7450 3
0.7746 0.3219 3
0.4418 0.3015 3
0.8254 0.4300 3
0.7984 0.0857 3
0.6546 0.4683 3
0.5536 0.1875 3
0.5823 0.3886 3
0.5191 0.3473 3